-1.0
-1.0
-1.0
-1.0
-1.0
-1.0
-1.0
-1.0
-1.0
-1.0
-1.0
-1.0
-1.0
-1.0
-1.0
-1.0
-1.0
-1.0
-1.0
-1.0
-1.0
-1.0
-1.0
-1.0
-1.0
-1.0
-1.0
-1.0
-1.0
-1.0
-1.0
-1.0
-1.0
-1.0
-1.0
-1.0
-1.0
-1.0
-1.0
-1.0
-1.0
-1.0
-1.0
-1.0
-1.0
-1.0
-1.0
-1.0
-1.0
-1.0
-1.0
-1.0
-1.0
-1.0
-1.0
-1.0
-1.0
-1.0
-1.0
-1.0
-1.0
-1.0
-1.0
-1.0
-1.0
-1.0
-1.0
-1.0
-1.0
-1.0
-1.0
-1.0
-1.0
-1.0
-1.0
-1.0
-1.0
-1.0
-1.0
-1.0
-1.0
-1.0
-1.0
-1.0
-1.0
-1.0
-1.0
-1.0
-1.0
-1.0
-1.0
-1.0
-1.0
-1.0
-1.0
-1.0
-1.0
-1.0
-1.0
-1.0
-1.0
-1.0
-1.0
-1.0
-1.0
-1.0
-1.0
-1.0
-1.0
-1.0
-1.0
-1.0
-1.0
-1.0
-1.0
-1.0
-1.0
-1.0
-1.0
-1.0
-1.0
-1.0
-1.0
-1.0
-1.0
-1.0
-1.0
-1.0
-1.0
-1.0
-1.0
-1.0
-1.0
-1.0
-1.0
-1.0
-1.0
-1.0
-1.0
-1.0
-1.0
-1.0
-1.0
-1.0
-1.0
-1.0
-1.0
-1.0
-1.0
-1.0
-1.0
-1.0
-1.0
-1.0
-1.0
-1.0
-1.0
-1.0
-1.0
-1.0
-1.0
-1.0
-1.0
-1.0
-1.0
-1.0
-1.0
-1.0
-1.0
-1.0
-1.0
-1.0
-1.0
-1.0
-1.0
-1.0
-1.0
-1.0
-1.0
-1.0
-1.0
-1.0
-1.0
-1.0
-1.0
-1.0
-1.0
-1.0
-1.0
-1.0
-1.0
-1.0
-1.0
-1.0
-1.0
-1.0
-1.0
-1.0
-1.0
-1.0
-1.0
-1.0
-1.0
-1.0
-1.0
-1.0
-1.0
-1.0
-1.0
-1.0
-1.0
-1.0
-1.0
-1.0
-1.0
-1.0
-1.0
-1.0
-1.0
-1.0
-1.0
-1.0
-1.0
-1.0
-1.0
-1.0
-1.0
-1.0
-1.0
-1.0
-1.0
-1.0
-1.0
-1.0
-1.0
-1.0
-1.0
-1.0
-1.0
-1.0
-1.0
-1.0
-1.0
-1.0
-1.0
-1.0
-1.0
-1.0
-1.0
-1.0
-1.0
-1.0
-1.0
-1.0
-1.0
-1.0
-1.0
-1.0
-1.0
-1.0
-1.0
-1.0
-1.0
-1.0
-1.0
-1.0
-1.0
-1.0
-1.0
-1.0
-1.0
-1.0
-1.0
-1.0
-1.0
-1.0
-1.0
-1.0
-1.0
-1.0
-1.0
-1.0
-1.0
-1.0
-1.0
-1.0
-1.0
-1.0
-1.0
-1.0
-1.0
-1.0
-1.0
-1.0
-1.0
-1.0
-1.0
-1.0
-1.0
-1.0
-1.0
-1.0
-1.0
-1.0
-1.0
-1.0
-1.0
-1.0
-1.0
-1.0
-1.0
-1.0
-1.0
-1.0
-1.0
-1.0
-1.0
-1.0
-1.0
-1.0
-1.0
-1.0
-1.0
-1.0
-1.0
-1.0
-1.0
-1.0
-1.0
-1.0
-1.0
-1.0
-1.0
-1.0
-1.0
-1.0
-1.0
-1.0
-1.0
-1.0
-1.0
-1.0
-1.0
-1.0
-1.0
-1.0
-1.0
-1.0
-1.0
-1.0
-1.0
-1.0
-1.0
-1.0
-1.0
-1.0
-1.0
-1.0
-1.0
-1.0
-1.0
-1.0
-1.0
-1.0
-1.0
-1.0
-1.0
-1.0
-1.0
-1.0
-1.0
-1.0
-1.0
-1.0
-1.0
-1.0
-1.0
-1.0
-1.0
-1.0
-1.0
-1.0
-1.0
-1.0
-1.0
-1.0
-1.0
-1.0
-1.0
-1.0
-1.0
-1.0
-1.0
-1.0
-1.0
-1.0
-1.0
-1.0
-1.0
-1.0
-1.0
-1.0
-1.0
-1.0
-1.0
-1.0
-1.0
-1.0
-1.0
-1.0
-1.0
-1.0
-1.0
-1.0
-1.0
-1.0
-1.0
-1.0
-1.0
-1.0
-1.0
-1.0
-1.0
-1.0
-1.0
-1.0
-1.0
-1.0
-1.0
-1.0
-1.0
-1.0
-1.0
-1.0
-1.0
-1.0
-1.0
-1.0
-1.0
-1.0
-1.0
-1.0
-0.9999774266365687
-0.9999549549549549
-0.9999550561797753
-0.9999551569506727
-0.9999552572706935
-0.9999553571428571
-0.9999554565701558
-0.9999555555555556
-0.9999556541019956
-0.9999557522123894
-0.9999558498896248
-0.9999559471365639
-0.999956043956044
-0.9999561403508772
-0.9999562363238512
-0.9999563318777293
-0.9999564270152506
-0.9999565217391304
-0.9999566160520607
-0.9999567099567099
-0.9999568034557236
-0.9999568965517242
-0.9999569892473119
-0.9999570815450644
-0.9999571734475374
-0.999957264957265
-0.9999573560767591
-0.9999574468085106
-0.9999575371549894
-0.999957627118644
-0.9999577167019028
-0.999957805907173
-0.9999578947368422
-0.9999579831932773
-0.999958071278826
-0.9999581589958159
-0.9999582463465554
-0.9999583333333334
-0.9999584199584199
-0.9999585062240663
-0.9999585921325052
-0.9999586776859505
-0.9999587628865979
-0.9999588477366256
-0.9999589322381931
-0.9999590163934426
-0.999959100204499
-0.9999591836734695
-0.999959266802444
-0.999959349593496
-0.9999594320486815
-0.9999595141700405
-0.9999595959595959
-0.9999596774193549
-0.9999597585513078
-0.9999598393574297
-0.9999398797595191
-0.99992
-0.9999001996007983
-0.9999003984063745
-0.9999005964214711
-0.9999007936507937
-0.9999009900990099
-0.999901185770751
-0.9999013806706114
-0.9999015748031497
-0.999901768172888
-0.9999019607843138
-0.9999021526418786
-0.99990234375
-0.9999025341130604
-0.9998832684824902
-0.9998640776699029
-0.9998643410852713
-0.9998646034816246
-0.9998648648648648
-0.9998651252408479
-0.9998653846153845
-0.9998656429942419
-0.9998659003831417
-0.999866156787763
-0.9998664122137404
-0.9998666666666667
-0.9998669201520913
-0.9998671726755219
-0.9998674242424244
-0.999867674858223
-0.9998679245283019
-0.9998681732580037
-0.9998684210526315
-0.9998686679174484
-0.999868913857678
-0.9998691588785047
-0.9998694029850747
-0.9998696461824953
-0.9998698884758365
-0.9998701298701299
-0.9998518518518518
-0.9998336414048059
-0.9998339483394836
-0.9998342541436464
-0.9998345588235296
-0.9998348623853209
-0.9998351648351647
-0.9998354661791589
-0.9998357664233578
-0.9998360655737706
-0.9998363636363637
-0.9998366606170599
-0.9998369565217391
-0.9998372513562387
-0.9998375451263538
-0.999837837837838
-0.9998381294964028
-0.99983842010772
-0.9998387096774194
-0.9998389982110912
-0.9998392857142858
-0.9998395721925135
-0.9998398576512456
-0.9998401420959148
-0.9998404255319149
-0.9998407079646018
-0.9998409893992932
-0.9998412698412699
-0.9998239436619718
-0.9998066783831283
-0.9998070175438598
-0.9998073555166376
-0.9998076923076923
-0.9998080279232111
-0.999808362369338
-0.9998086956521739
-0.9998090277777778
-0.9998093587521663
-0.9998096885813149
-0.9998100172711571
-0.9998103448275861
-0.9998106712564544
-0.9997938144329896
-0.9997770154373927
-0.9997602739726028
-0.9997606837606838
-0.9997610921501706
-0.9997614991482112
-0.9997619047619049
-0.9997623089983023
-0.9997627118644067
-0.9997292724196278
-0.999695945945946
-0.9996795952782462
-0.9996632996632997
-0.9996470588235294
-0.9996140939597314
-0.9996147403685092
-0.9996153846153846
-0.9996160267111854
-0.9996166666666667
-0.9996173044925125
-0.9996179401993356
-0.9996185737976784
-0.9996192052980132
-0.9996198347107438
-0.9996204620462046
-0.9996210873146623
-0.9996052631578948
-0.9996059113300493
-0.9996065573770493
-0.9996072013093289
-0.9996078431372548
-0.9996084828711256
-0.9996091205211727
-0.9996097560975611
-0.9996103896103895
-0.999611021069692
-0.9996116504854368
-0.9996122778675283
-0.9996129032258065
-0.999597423510467
-0.999581993569132
-0.9995666131621186
-0.9995512820512819
-0.9995519999999999
-0.9995527156549521
-0.9995534290271132
-0.9995541401273884
-0.9995548489666137
-0.9995555555555555
-0.9995562599049128
-0.9995411392405064
-0.9995102685624013
-0.9994952681388013
-0.9994803149606298
-0.9994811320754716
-0.9994819466248037
-0.9994827586206897
-0.9994835680751173
-0.9994843750000001
-0.9994851794071762
-0.9994859813084112
-0.9994867807153966
-0.9994875776397517
-0.9994883720930231
-0.9994891640866872
-0.9994899536321483
-0.9994907407407407
-0.9994915254237288
-0.9994923076923078
-0.9994930875576037
-0.9994938650306748
-0.99947932618683
-0.9994648318042814
-0.9994656488549617
-0.9994664634146342
-0.9994520547945206
-0.999437689969605
-0.9994385432473443
-0.9994393939393941
-0.9994251134644477
-0.9994108761329304
-0.9993966817496228
-0.9993975903614458
-0.9993984962406016
-0.9993993993993996
-0.999400299850075
-0.9994011976047905
-0.9994020926756352
-0.999402985074627
-0.9993889716840537
-0.999375
-0.9993759286775632
-0.9993768545994066
-0.9993777777777777
-0.9993786982248523
-0.9993796159527326
-0.9993805309734514
-0.9993667157584682
-0.9993529411764706
-0.9993392070484581
-0.999325513196481
-0.9993265007320644
-0.999327485380117
-0.9993284671532848
-0.99932944606414
-0.9993304221251819
-0.9993313953488374
-0.9993178519593616
-0.999304347826087
-0.9992764109985529
-0.9992485549132947
-0.9992352092352093
-0.9992363112391932
-0.9992374100719426
-0.9992241379310346
-0.9992109038737447
-0.9991977077363896
-0.9991845493562233
-0.9991857142857142
-0.9991868758915835
-0.999188034188034
-0.9991891891891891
-0.999190340909091
-0.9991914893617022
-0.9991926345609065
-0.9991796322489391
-0.9991666666666668
-0.9991537376586743
-0.9991408450704227
-0.9991279887482419
-0.9991292134831461
-0.9991304347826087
-0.9991316526610643
-0.9991328671328672
-0.9991340782122906
-0.9991352859135286
-0.9991086350974929
-0.9990820584144646
-0.9990833333333333
-0.9990846047156726
-0.9990858725761774
-0.9990733056708162
-0.9990607734806629
-0.9990482758620688
-0.9990358126721762
-0.9990233837689135
-0.9990247252747251
-0.9990260631001372
-0.9990136986301367
-0.999001367989056
-0.9989754098360656
-0.9989631650750341
-0.9989645776566757
-0.9989659863945577
-0.9989673913043479
-0.9989552238805969
-0.9989430894308942
-0.9989039242219215
-0.9988783783783783
-0.9988663967611334
-0.9988544474393531
-0.9988559892328397
-0.9988440860215054
-0.9988456375838928
-0.9988471849865951
-0.9988487282463189
-0.998836898395722
-0.9988251001335116
-0.9987866666666666
-0.9987616511318245
-0.9987367021276599
-0.9987250996015934
-0.9987002652519892
-0.9986490066225163
-0.9986243386243386
-0.9986129458388376
-0.9986015831134565
-0.9985770750988143
-0.9985526315789476
-0.9985151116951382
-0.9985039370078739
-0.9984927916120576
-0.9984816753926701
-0.9984575163398691
-0.9984334203655351
-0.9984354628422426
-0.9984244791666665
-0.9984135240572171
-0.9984025974025974
-0.9984046692607004
-0.9984067357512956
-0.9983958602846055
-0.9983850129198966
-0.9983612903225808
-0.9983505154639174
-0.9983526383526383
-0.9983547557840616
-0.998356867779204
-0.9983461538461538
-0.9983226632522408
-0.9983120204603579
-0.9983141762452109
-0.9983163265306122
-0.9983184713375798
-0.9983078880407126
-0.9982592121982209
-0.9981979695431471
-0.9981495564005072
-0.998113924050633
-0.9981036662452593
-0.9980934343434343
-0.9980958385876418
-0.9980982367758188
-0.9980880503144656
-0.9980527638190957
-0.9979924717691343
-0.9979573934837092
-0.9979474342928661
-0.9979250000000001
-0.9979151061173533
-0.9979177057356607
-0.9979202988792031
-0.9978980099502488
-0.9978633540372671
-0.9978287841191067
-0.997819083023544
-0.9977970297029702
-0.9977873918417802
-0.9977777777777775
-0.9977681874229347
-0.9977586206896554
-0.9977121771217713
-0.9976904176904179
-0.9976809815950918
-0.9976838235294118
-0.9976744186046512
-0.9976528117359409
-0.9976312576312577
-0.9976219512195121
-0.9976248477466505
-0.9976034063260342
-0.9975941676792224
-0.9975606796116504
-0.9975272727272727
-0.9975060532687653
-0.9974969770253931
-0.9974879227053141
-0.9974668275030157
-0.997433734939759
-0.9974007220216606
-0.9973918269230769
-0.9973829531812726
-0.9973621103117505
-0.9973413173652697
-0.9973444976076558
-0.9973237753882913
-0.9973031026252985
-0.9972824791418357
-0.9972619047619047
-0.9972651605231868
-0.997268408551069
-0.9972597864768683
-0.9972393364928912
-0.9972189349112426
-0.9971867612293144
-0.9971664698937426
-0.997134433962264
-0.9971024734982333
-0.9970941176470592
-0.9970857814336075
-0.9970774647887324
-0.9970808909730363
-0.9970608899297426
-0.9970409356725146
-0.9970327102803741
-0.9970245040840142
-0.9970163170163171
-0.9969965075669383
-0.9969767441860465
-0.9969686411149824
-0.9969605568445478
-0.9969524913093858
-0.9969560185185183
-0.9969479768786128
-0.996916859122402
-0.9968973471741637
-0.9968663594470045
-0.9968469505178368
-0.9968275862068964
-0.9968197474167624
-0.9968233944954128
-0.9968155784650627
-0.996807780320366
-0.9967999999999999
-0.9967922374429224
-0.9967730900798177
-0.9967312072892939
-0.9967235494880546
-0.9967159090909092
-0.9966855845629966
-0.9966439909297056
-0.9966024915062287
-0.9965723981900453
-0.9965649717514127
-0.9965349887133182
-0.9964937993235625
-0.9964527027027027
-0.9964229471316088
-0.9964157303370789
-0.9964197530864196
-0.9964013452914798
-0.9963605823068307
-0.9963310961968681
-0.996290502793296
-0.9962723214285714
-0.9962764771460425
-0.996280623608018
-0.996273637374861
-0.9962555555555554
-0.9962153163152052
-0.9961751662971176
-0.9961351052048727
-0.9961061946902656
-0.9960994475138122
-0.996092715231788
-0.9960749724366039
-0.9960792951541849
-0.9960396039603959
-0.9960219780219782
-0.9960043907793633
-0.9959868421052634
-0.9959583789704272
-0.9959518599562364
-0.9959453551912567
-0.9959279475982532
-0.9959105779716466
-0.9958823529411763
-0.995854189336235
-0.995836956521739
-0.9957763300760043
-0.9957266811279822
-0.9956988082340194
-0.9956709956709956
-0.9956540540540537
-0.9956587473002159
-0.9956526429341962
-0.9956250000000003
-0.9956081808396122
-0.9955806451612904
-0.9955746509129968
-0.9955793991416306
-0.9955734190782424
-0.995578158458244
-0.995572192513369
-0.9955555555555559
-0.9955282817502668
-0.9955223880597014
-0.995527156549521
-0.9955319148936169
-0.9955260361317749
-0.9955307855626327
-0.9955355249204665
-0.9955190677966101
-0.9955132275132276
-0.9954968287526426
-0.9954804646251322
-0.9954641350210969
-0.9954478398314016
-0.9954421052631579
-0.9954468980021027
-0.995451680672269
-0.9954459601259182
-0.9954402515723269
-0.9954240837696335
-0.9954184100418411
-0.9954127481713688
-0.9954070981210857
-0.99541188738269
-0.9954062500000002
-0.9953902185223724
-0.9953742203742205
-0.9953478712357219
-0.995342323651452
-0.9953264248704662
-0.9953312629399587
-0.9953360910031026
-0.9953202479338844
-0.9953044375644993
-0.9952783505154639
-0.995262615859938
-0.995246913580247
-0.9952004110996917
-0.995164271047228
-0.9951692307692308
-0.9951741803278686
-0.9951688843398158
-0.9951533742331289
-0.9951174668028603
-0.9950918367346939
-0.9950458715596332
-0.9950101832993888
-0.9949949135300102
-0.994979674796748
-0.9949543147208122
-0.9949290060851926
-0.994903748733536
-0.9948987854251012
-0.9948837209302327
-0.9948888888888888
-0.9948839556004035
-0.9948689516129032
-0.9948338368580059
-0.9948088531187121
-0.9947738693467336
-0.9947590361445782
-0.9947442326980942
-0.9947294589178357
-0.9947047047047051
-0.9946799999999999
-0.9946353646353646
-0.9946007984031938
-0.9945962113659026
-0.9945717131474106
-0.9945671641791047
-0.9945725646123259
-0.9945481628599804
-0.9945238095238096
-0.9945292368681865
-0.9945346534653464
-0.9945301681503463
-0.9945158102766797
-0.9945014807502467
-0.9944773175542408
-0.9944729064039413
-0.994468503937008
-0.994454277286136
-0.9944302554027505
-0.9944259077526985
-0.9944215686274511
-0.994417238001959
-0.9943933463796479
-0.9943890518084068
-0.99435546875
-0.9943512195121954
-0.9943469785575048
-0.9943524829600779
-0.9943287937743187
-0.994305150631681
-0.9942718446601942
-0.9942677012609117
-0.9942441860465118
-0.9942400774443371
-0.9942359767891682
-0.9942415458937198
-0.9942277992277992
-0.9942140790742526
-0.994190751445087
-0.9941867179980748
-0.9941826923076921
-0.9941690682036503
-0.9941650671785027
-0.9941610738255033
-0.9941570881226055
-0.9941435406698562
-0.9941300191204593
-0.9941165234001909
-0.9941030534351144
-0.9940896091515732
-0.9940952380952376
-0.9941008563273069
-0.9940969581749046
-0.9940550807217471
-0.9940322580645163
-0.9940189573459719
-0.9940151515151517
-0.9940208136234628
-0.9940075614366729
-0.9939943342776205
-0.9939905660377356
-0.993986804901037
-0.9939736346516003
-0.9939510818438382
-0.9939379699248121
-0.9939342723004697
-0.9939305816135082
-0.9939175257731955
-0.9939138576779029
-0.9939008419083255
-0.9938878504672899
-0.9938655462184874
-0.9938432835820897
-0.9938397017707363
-0.993836126629423
-0.9938325581395351
-0.993810408921933
-0.9937790157845865
-0.9937476808905379
-0.9937256719184429
-0.9936944444444442
-0.993672525439408
-0.9936691312384474
-0.9936657433056326
-0.9936623616236164
-0.9936313364055301
-0.9936187845303867
-0.9936154553817849
-0.9936121323529413
-0.9935812672176307
-0.993559633027523
-0.993565536205316
-0.9935714285714284
-0.9935681610247026
-0.9935374771480805
-0.9935068493150684
-0.9935036496350365
-0.9935004557885138
-0.9934790528233151
-0.993457688808007
-0.9934545454545456
-0.993433242506812
-0.9934119782214155
-0.9933816863100637
-0.9933695652173911
-0.9933665158371042
-0.993363471971067
-0.9933514001806685
-0.9933393501805053
-0.993327321911632
-0.9933243243243242
-0.9933123312331231
-0.9932733812949642
-0.9932345013477089
-0.9931956912028724
-0.9931748878923767
-0.9931720430107528
-0.9931512981199639
-0.9931484794275489
-0.9931456657730113
-0.993142857142857
-0.9931311329170383
-0.9931105169340464
-0.9930899376669636
-0.9930693950177936
-0.9930577777777778
-0.9930373001776199
-0.9930434782608696
-0.9930319148936171
-0.9930115146147033
-0.9929911504424779
-0.9929796640141467
-0.9929770318021202
-0.9929479258605471
-0.992910052910053
-0.9928810572687223
-0.9928697183098589
-0.9928408091468777
-0.9928207381370826
-0.992800702370501
-0.9927807017543862
-0.9927782646801048
-0.9927845884413311
-0.9927821522309712
-0.9927447552447554
-0.9926986899563314
-0.9926876090750438
-0.9926852659110726
-0.9926742160278742
-0.9926631853785902
-0.9926608695652175
-0.9926411815812337
-0.9926388888888888
-0.9926192541196878
-0.9926083188908145
-0.9925974025974028
-0.9925865051903112
-0.9925669835782195
-0.9925561312607943
-0.9925539257981022
-0.992551724137931
-0.9925322997416022
-0.9925215146299483
-0.9924935511607912
-0.9924914089347078
-0.9924978540772529
-0.9924957118353345
-0.9924764353041986
-0.9924400684931506
-0.9924294268605646
-0.9923931623931623
-0.9923654995730148
-0.9923464163822525
-0.9923358908780903
-0.9923339011925042
-0.9923404255319151
-0.9923299319727892
-0.992285471537808
-0.9922410865874366
-0.9922391857506362
-0.9922372881355933
-0.9922015241320915
-0.9921573604060913
-0.9921555367709215
-0.9921452702702702
-0.9921434599156117
-0.9921332209106238
-0.9921061499578769
-0.9920875420875425
-0.9920857863751052
-0.9920840336134457
-0.9920654911838792
-0.9920469798657718
-0.9920284995808889
-0.9920100502512564
-0.9920083682008373
-0.9920066889632106
-0.9920050125313282
-0.9920116861435726
-0.991976647206005
-0.9919499999999999
-0.9919317235636972
-0.9919051580698833
-0.9918703241895259
-0.9918272425249169
-0.9917925311203316
-0.9917661691542289
-0.9917481358740682
-0.991721854304636
-0.9916956162117451
-0.9916859504132234
-0.9916845582163505
-0.9916749174917489
-0.9916570486397361
-0.9916227347611205
-0.9916049382716049
-0.991578947368421
-0.9915694330320458
-0.9915681444991793
-0.991542247744053
-0.9915245901639343
-0.9915151515151515
-0.9915057283142389
-0.9914963205233035
-0.9914705882352939
-0.9914693877551022
-0.9914518760195757
-0.9914099429502854
-0.9913925081433225
-0.991383238405207
-0.9913821138211383
-0.991372867587327
-0.9913311688311687
-0.9913057583130579
-0.9912965964343599
-0.9912793522267208
-0.9912459546925568
-0.9912206952303965
-0.9912035541195473
-0.9911783696529457
-0.9911693548387096
-0.9911603545527796
-0.9911433172302736
-0.9911263073209979
-0.9911254019292606
-0.9911164658634537
-0.9910834670947029
-0.9910425020048119
-0.9910176282051282
-0.9910008006405124
-0.990984
-0.9909832134292564
-0.9909504792332268
-0.9909337589784516
-0.9909170653907495
-0.9909243027888449
-0.9909235668789811
-0.9908989657915671
-0.9908744038155807
-0.9908498808578239
-0.9908412698412699
-0.9908247422680411
-0.9908161648177498
-0.9908155186064925
-0.9907990506329112
-0.9907905138339923
-0.9907661927330174
-0.9907419100236781
-0.990725552050473
-0.9907249802994486
-0.990708661417323
-0.9906766325727773
-0.9906525157232704
-0.9906284367635507
-0.9906122448979593
-0.9905803921568628
-0.9905642633228839
-0.9905481597494129
-0.9905477308294214
-0.9905316653635657
-0.9904921874999999
-0.9904761904761908
-0.9904524180967244
-0.990444271239283
-0.9904283489096574
-0.9903735408560311
-0.9903343701399688
-0.9902952602952603
-0.990271739130435
-0.9902482544608227
-0.9902325581395349
-0.9902323780015493
-0.9902167182662537
-0.9902088167053367
-0.9901854714064916
-0.9901544401544403
-0.9901466049382718
-0.9901387818041634
-0.9901309707241911
-0.9900846805234795
-0.990053846153846
-0.9900538047655653
-0.9900230414746548
-0.9900306983883347
-0.9900230061349695
-0.9900076628352488
-0.9899846860643186
-0.9899617444529457
-0.9899311926605505
-0.9899236058059592
-0.9899160305343508
-0.9899084668192225
-0.9899085365853659
-0.9898857578065495
-0.989870624048706
-0.9898631178707222
-0.989840425531915
-0.9898101746393315
-0.9897799696509861
-0.9897801364670207
-0.9897803030303032
-0.9897880393641181
-0.9897655068078667
-0.989743008314437
-0.9897507552870095
-0.9897509433962266
-0.9897435897435899
-0.9896985681989448
-0.9896837349397589
-0.989683972911964
-0.989676691729323
-0.9896694214876034
-0.9896471471471469
-0.9896249062265565
-0.9895877061469261
-0.9895805243445694
-0.9895658682634731
-0.9895362752430812
-0.9895067264573987
-0.9894846900672144
-0.9894701492537316
-0.9894556301267708
-0.9894038748137111
-0.9893819806403573
-0.9893675595238095
-0.9893457249070634
-0.989338781575037
-0.9893170007423906
-0.9892952522255194
-0.9892883617494445
-0.989296296296296
-0.9892746113989633
-0.9892381656804737
-0.989209164818921
-0.9891875923190544
-0.9891660516605163
-0.9891592920353984
-0.9891599115696386
-0.989153166421208
-0.9891169977924947
-0.9890882352941176
-0.989059515062454
-0.9890234948604991
-0.988987527512839
-0.9889442815249267
-0.9889230769230771
-0.9889019033674965
-0.9888880760790052
-0.988859649122807
-0.9888458728999274
-0.9888321167883212
-0.988811086797958
-0.9887900874635569
-0.9887764020393296
-0.988755458515284
-0.9887272727272726
-0.9886918604651157
-0.9886855482933913
-0.9886719883889699
-0.9886584481508338
-0.9886304347826089
-0.9886241853729182
-0.9886324167872648
-0.9886261749819232
-0.9885838150289017
-0.9885487364620937
-0.988520923520924
-0.9885075702956015
-0.9884870317002884
-0.988466522678186
-0.9884388489208636
-0.9884399712437095
-0.9884195402298853
-0.9884134960516868
-0.988393113342898
-0.9883870967741933
-0.9883667621776504
-0.9883392984967785
-0.9883047210300433
-0.988277340957827
-0.9882428571428573
-0.9882155603140619
-0.9882025677603425
-0.9881824661439772
-0.9881410256410255
-0.9881067615658359
-0.9881009957325745
-0.9880952380952381
-0.9880823863636362
-0.9880553584102202
-0.9880283687943262
-0.9879943302622256
-0.9880028328611895
-0.987997169143666
-0.9879915134370583
-0.9879717314487637
-0.9879519774011303
-0.9879181369089622
-0.9878913963328635
-0.9878858350951373
-0.9878943661971832
-0.9878676988036598
-0.9878410689170185
-0.987828531271961
-0.9878160112359552
-0.9877894736842101
-0.9877699859747544
-0.9877505255781361
-0.9877310924369749
-0.9876976906927919
-0.9876853146853151
-0.9876729559748425
-0.9876466480446929
-0.9876133984647589
-0.9875871687587171
-0.9875888501742159
-0.9875835654596099
-0.9875643702157272
-0.9875312934631434
-0.9875052119527442
-0.9874791666666662
-0.9874392782789727
-0.9873994452149791
-0.987359667359667
-0.9873545706371187
-0.987342560553633
-0.9872959889349928
-0.9872563925362822
-0.987209944751381
-0.9871980676328509
-0.9871724137931034
-0.9871399035148173
-0.9871143250688708
-0.9870750172057808
-0.9870495185694633
-0.9870378006872852
-0.9870398351648348
-0.9870075497597806
-0.986975308641975
-0.9869225496915698
-0.9868698630136983
-0.9868514715947986
-0.986846785225718
-0.9868215994531788
-0.9868032786885241
-0.9867986348122868
-0.9867939972714871
-0.9867552828902524
-0.9867302452316072
-0.9866984343090537
-0.9866802721088436
-0.9866621346023118
-0.986657608695652
-0.9866463000678887
-0.9866350067842602
-0.9865966101694918
-0.986571815718157
-0.9865673662830061
-0.9865561569688769
-0.9865584854631512
-0.9865337837837838
-0.9865023632680618
-0.9864642375168688
-0.9864463924477417
-0.9864218328840968
-0.9864040404040404
-0.9863795423956931
-0.9863550773369201
-0.9863239247311829
-0.986292813969107
-0.986275167785235
-0.9862441314553995
-0.9862064343163539
-0.9861821835231082
-0.9861646586345383
-0.9861672240802677
-0.9861430481283422
-0.9861255845023377
-0.9861281708945261
-0.9861240827218145
-0.9861133333333335
-0.9861025982678213
-0.9860785619174431
-0.9860745176314033
-0.9860771276595746
-0.986066445182724
-0.9860557768924303
-0.9860451227604509
-0.98604774535809
-0.9860371106693172
-0.9860198675496689
-0.9860225016545336
-0.9859920634920634
-0.9859682749504296
-0.9859379128137387
-0.9859207920792078
-0.9859036939313982
-0.9858932102834538
-0.9858761528326738
-0.9858657011191577
-0.9858618421052633
-0.9858514135437214
-0.9858212877792379
-0.9857846355876559
-0.9857414698162732
-0.9857311475409838
-0.9857208387942334
-0.9857039947609691
-0.9856871727748691
-0.985670372792675
-0.9856470588235294
-0.985623775310255
-0.9856005221932118
-0.9855838225701238
-0.9855475880052151
-0.9855114006514658
-0.9854882812499999
-0.9854716981132077
-0.9854291287386215
-0.9854061078622481
-0.98537012987013
-0.9853341985723552
-0.9852983138780803
-0.9852559948152947
-0.9852202072538865
-0.9851909385113268
-0.9851487710219925
-0.9851066580478345
-0.9850904392764859
-0.985067785668173
-0.9850645161290319
-0.9850483558994195
-0.9850322164948457
-0.9850354153251767
-0.9850321750321747
-0.9850096463022507
-0.984987146529563
-0.9849454078355815
-0.9849229781771505
-0.9849005772931371
-0.9848910256410255
-0.9848814862267777
-0.9848527528809218
-0.9848176583493281
-0.9848017902813296
-0.9847795527156548
-0.9847381864623244
-0.9847287811104023
-0.9847130102040811
-0.9846972594008924
-0.9846560509554139
-0.9846085295989815
-0.9845992366412216
-0.984583598219962
-0.9845362134688689
-0.9845015873015873
-0.984492385786802
-0.9844831959416613
-0.9844676806083653
-0.9844141861937934
-0.9843734177215192
-0.9843453510436433
-0.9843236409608092
-0.984308275426406
-0.9842866161616164
-0.9842586750788643
-0.9842433795712483
-0.9842218021424067
-0.9841813602015115
-0.9841724354940216
-0.9841383647798742
-0.9840854808296667
-0.9840389447236181
-0.9840050219711235
-0.9839711417816805
-0.9839435736677115
-0.9839097744360898
-0.9838822792736382
-0.9838735919899875
-0.9838586616635397
-0.9838312500000002
-0.9837976264834484
-0.9837640449438203
-0.9837367436057393
-0.9837281795511222
-0.9837009345794392
-0.9836612702366127
-0.9836465463596766
-0.9836504975124375
-0.9836420136730891
-0.9836086956521746
-0.9835878336436997
-0.9835669975186101
-0.9835337879727213
-0.9835006195786863
-0.9834613003095974
-0.9834282178217826
-0.9834260977118119
-0.98340543881335
-0.9833786287831993
-0.9833456790123458
-0.9833312769895126
-0.9833230579531447
-0.9832963647566239
-0.9832635467980295
-0.9832430769230771
-0.9832287822878232
-0.9832145052243391
-0.9832063882063885
-0.9831860036832408
-0.9831656441717793
-0.9831391784181485
-0.983125
-0.9831047152480099
-0.9830844553243575
-0.9830642201834863
-0.9830440097799511
-0.9830116065974344
-0.9829670329670328
-0.9829347162904208
-0.9828963414634145
-0.9828823887873246
-0.9828562728380025
-0.982848447961047
-0.982846715328467
-0.9828328267477205
-0.9828068043742406
-0.9827868852459016
-0.9827427184466021
-0.9827167980594301
-0.9827151515151514
-0.9826892792247125
-0.9826694915254237
-0.9826436781609198
-0.9826118500604598
-0.9825861027190331
-0.9825724637681158
-0.9825347012673505
-0.9824909529553681
-0.9824773960217
-0.9824457831325298
-0.9824262492474415
-0.9823947051744889
-0.9823752254960914
-0.9823617788461538
-0.9823303303303306
-0.9822989195678271
-0.9822495500899823
-0.9822122302158272
-0.9821869382863992
-0.9821497005988025
-0.9821125074805508
-0.9820693779904307
-0.9820561864913329
-0.9820430107526887
-0.9820238805970152
-0.9819928400954655
-0.9819677996422185
-0.9819666269368298
-0.9819475878499105
-0.9819226190476193
-0.9819036287923849
-0.9818787158145067
-0.9818538324420675
-0.9818408551068878
-0.9818338278931756
-0.9818208778173191
-0.9817842323651447
-0.9817417061611374
-0.9817229129662525
-0.9817159763313613
-0.9817090479006508
-0.9816962174940893
-0.9816834022445362
-0.9816706021251476
-0.981663716814159
-0.9816627358490563
-0.9816322922804949
-0.98160777385159
-0.9816068275456155
-0.9815764705882353
-0.9815461493239274
-0.9815334900117507
-0.9815208455666469
-0.9815082159624414
-0.981483870967742
-0.9814771395076201
-0.9814762741652026
-0.9814637002341926
-0.9814569923932123
-0.9814152046783624
-0.9813734658094678
-0.9813492990654207
-0.9813309982486867
-0.9813360560093348
-0.9813177842565594
-0.9812820512820514
-0.9812405358182876
-0.9812107101280556
-0.9811983711460157
-0.9811860465116284
-0.9811621150493902
-0.981144018583043
-0.9811317469529885
-0.9811078886310909
-0.9810724637681159
-0.9810370799536497
-0.9810306890561671
-0.9810243055555554
-0.981017929438982
-0.980988439306358
-0.9809705372616984
-0.9809411085450347
-0.9809001731102138
-0.9808765859284889
-0.980841498559078
-0.9807949308755761
-0.9807772020725387
-0.9807537399309548
-0.9807475560667049
-0.9807241379310345
-0.9807122343480761
-0.9807118254879448
-0.9806884681583478
-0.980682339449541
-0.9806475644699135
-0.9806414662084763
-0.9806296508299943
-0.9806178489702517
-0.980594625500286
-0.9805542857142854
-0.9805482581382071
-0.9805479452054793
-0.9805419281232175
-0.9805245153933868
-0.9805185185185182
-0.980512528473804
-0.9805008537279449
-0.9804778156996585
-0.9804434337691873
-0.9804204545454545
-0.980391822827939
-0.9803916004540294
-0.9803743618831536
-0.9803401360544219
-0.9803059490084987
-0.9802944507361269
-0.9802999434069047
-0.9802884615384615
-0.9802713397399664
-0.9802429378531075
-0.9802032749858839
-0.9801749435665915
-0.9801692047377325
-0.9801634723788049
-0.9801070422535209
-0.9800731981981983
-0.9800619020821608
-0.9800449943757031
-0.9800281056773467
-0.9800168539325846
-0.9799775407074677
-0.9799494949494951
-0.9799102636006731
-0.9798822869955158
-0.9798599439775911
-0.9798488241881296
-0.9798377168438726
-0.9798434004474272
-0.9798323085522637
-0.9798044692737432
-0.9797822445561138
-0.9797712053571428
-0.9797546012269939
-0.9797491638795983
-0.9797270194986072
-0.9796881959910916
-0.9796661101836396
-0.9796607341490544
-0.9796386881600887
-0.9796055555555556
-0.9795502498611884
-0.979500554938957
-0.9794564614531341
-0.9794456762749446
-0.9794127423822718
-0.9793798449612404
-0.9793525179856115
-0.9793418141592919
-0.9793366500829187
-0.9793093922651935
-0.9792821645499727
-0.9792439293598235
-0.9792277992277992
-0.9792061742006614
-0.9791900826446286
-0.979151982378854
-0.979135938359934
-0.979130913091309
-0.9791313908741066
-0.9791208791208789
-0.9790884129599118
-0.9790559824368824
-0.9790400438837082
-0.979029605263158
-0.9790246575342465
-0.9790142387732748
-0.9789928845101259
-0.9789606126914658
-0.9789393110989615
-0.978934426229508
-0.9789240851993444
-0.9788864628820961
-0.9788488816148393
-0.9788331515812433
-0.9788174386920981
-0.9787962962962965
-0.9787751769188892
-0.9787540805223068
-0.9787275693311586
-0.9787119565217388
-0.9786909288430203
-0.9786807817589572
-0.9786652197504067
-0.9786388286334059
-0.9786178861788618
-0.978596966413868
-0.9785868976719008
-0.9785660173160173
-0.9785559762033533
-0.9785297297297296
-0.9785035116153427
-0.9784935205183583
-0.9784727468969241
-0.9784466019417475
-0.9784366576819403
-0.9784159482758621
-0.9783737210554659
-0.9783476856835304
-0.9783162990855294
-0.9782795698924729
-0.9782590005373454
-0.9782330827067672
-0.9782179280730002
-0.97818669527897
-0.9781662198391423
-0.9781457663451232
-0.9781306909480447
-0.9781049250535332
-0.9780791867308721
-0.9780427807486629
-0.9780171031533936
-0.9779861111111109
-0.9779551521623062
-0.9779135538954106
-0.9778933333333332
-0.9778891257995737
-0.9778742674480557
-0.9778434504792329
-0.9778073443320912
-0.9777819148936169
-0.9777405635300369
-0.9776939426142399
-0.9776473712161442
-0.9776220806794056
-0.9775809018567634
-0.9775609756097562
-0.9775410704822474
-0.9775211864406782
-0.9774907358390685
-0.9774550264550264
-0.9774193548387096
-0.9773890063424949
-0.9773692551505547
-0.977338965153115
-0.9772981530343006
-0.9772732067510549
-0.9772535582498684
-0.9772286617492094
-0.9771985255397577
-0.977157894736842
-0.9771436086270384
-0.9771240799158779
-0.9770993168681033
-0.9770745798319329
-0.9770603674540683
-0.9770409233997904
-0.9770372312532777
-0.9770335429769392
-0.9770246202200109
-0.977
-0.9769649398220828
-0.9769299163179919
-0.9769001568217456
-0.9768756530825494
-0.9768668407310706
-0.9768528183716074
-0.9768283776734479
-0.976798748696559
-0.9767691505992703
-0.976734375
-0.9766944299843829
-0.9766701352757543
-0.976651066042642
-0.9766112266112265
-0.9765766233766238
-0.9765732087227411
-0.976559418785677
-0.9765404564315352
-0.9765215137376877
-0.976497409326425
-0.9764733298808909
-0.9764648033126295
-0.9764666321779616
-0.9764581178903827
-0.9764444444444444
-0.976430785123967
-0.9764119772844605
-0.976377708978328
-0.9763537906137186
-0.9763298969072162
-0.9763111798042245
-0.9762821833161689
-0.9762686567164177
-0.9762551440329219
-0.9762262210796916
-0.9762024665981498
-0.9761787365177195
-0.9761498973305958
-0.9761108260646486
-0.9760717948717947
-0.9760123013839056
-0.9759733606557378
-0.9759447004608292
-0.9759058341862848
-0.9758772378516624
-0.9758537832310836
-0.9758354624425141
-0.9758171603677223
-0.9757631444614598
-0.9757040816326531
-0.9756654767975523
-0.9756320081549441
-0.9756138563423332
-0.9755957230142566
-0.9755674300254455
-0.9755442522889117
-0.9755261820030503
-0.9754979674796749
-0.9754545454545454
-0.9754060913705583
-0.9753779807204463
-0.9753549695740367
-0.9753319817536743
-0.9753191489361701
-0.975311392405063
-0.9752935222672064
-0.9752503793626704
-0.9752022244691605
-0.9751490651844363
-0.9751010101010102
-0.9750580514891474
-0.975035317860747
-0.9750126071608676
-0.9750000000000004
-0.9749773299748113
-0.9749546827794556
-0.9749270256668346
-0.97488430583501
-0.9748567119155354
-0.9748442211055278
-0.9748216976393772
-0.9747941767068272
-0.9747717009533367
-0.9747592778335005
-0.9747468671679195
-0.9747394789579157
-0.9746970455683527
-0.9746546546546544
-0.974622311155578
-0.9746100000000003
-0.9745977011494255
-0.9745654345654344
-0.9745381927109336
-0.9744960079840317
-0.9744738154613466
-0.9744366899302095
-0.9744195316392628
-0.9744173306772911
-0.9743952215032357
-0.9743631840796019
-0.9743311785181503
-0.9742892644135189
-0.9742622950819674
-0.9742204568023834
-0.974198511166253
-0.9741765873015872
-0.974154685176004
-0.9741476709613482
-0.9741059930658735
-0.9740594059405943
-0.9740277090549233
-0.9739960435212665
-0.9739990113692535
-0.9739822134387349
-0.9739555555555558
-0.9739338598223108
-0.9739171188949183
-0.9738560157790925
-0.9738245441103993
-0.9738078817733989
-0.9737813884785821
-0.9737500000000004
-0.973708804722086
-0.9736971484759097
-0.9736805896805893
-0.9736689587426326
-0.9736426116838487
-0.9736310107948967
-0.9736047081902894
-0.9735784313725487
-0.9735325820676138
-0.9734916748285994
-0.9734801762114538
-0.9734540117416828
-0.9734278728606361
-0.9734066471163243
-0.9733952125061068
-0.9733984375
-0.9733723767691561
-0.9733365853658534
-0.973300828863969
-0.973269980506823
-0.9732489040428642
-0.973203505355404
-0.9731727493917275
-0.9731420233463038
-0.9731113271754982
-0.9730855199222544
-0.9730548810101989
-0.9730242718446601
-0.9729985443959245
-0.9729825412221144
-0.9729568589432869
-0.9729166666666669
-0.972891041162228
-0.9728654404646665
-0.9728301886792451
-0.9728094777562862
-0.9727887868535521
-0.9727632850241545
-0.9727426364075328
-0.9727171814671816
-0.9727013989387363
-0.9726759884281583
-0.9726361445783133
-0.9726156069364158
-0.9725758305247958
-0.9725216554379209
-0.9725108225108228
-0.9724807692307693
-0.9724555502162424
-0.9724495677233427
-0.9724147863658185
-0.9723800383877158
-0.9723453237410071
-0.9723058485139023
-0.9722759942501205
-0.9722701149425284
-0.9722594542843468
-0.9722296650717704
-0.9721903395504542
-0.9721510516252387
-0.9721165790731008
-0.9720916905444129
-0.9720620525059668
-0.9720372137404583
-0.9720219360991892
-0.9719876072449953
-0.9719390185802762
-0.9718999999999997
-0.9718800571156594
-0.97186013320647
-0.9718307180218732
-0.9717918250950571
-0.9717814726840857
-0.9717758784425452
-0.9717465590887518
-0.971693548387097
-0.9716548127074445
-0.9716208530805688
-0.971605873993368
-0.9715767045454544
-0.9715570279223854
-0.9715421002838228
-0.9715271867612294
-0.9715028355387525
-0.971459612659424
-0.9714211520302162
-0.9713780084945731
-0.9713443396226411
-0.9713059877416315
-0.9712865221489162
-0.9712623645784264
-0.9712193973634646
-0.9711764705882352
-0.9711618062088427
-0.9711330512458862
-0.9710996240601507
-0.9710615312353221
-0.9710375586854465
-0.970985452839043
-0.970956848030019
-0.9709282700421941
-0.9709044048734767
-0.9708852459016393
-0.9708473782771532
-0.9708235844642021
-0.9707904583723104
-0.9707433380084152
-0.9707196261682236
-0.9707052779075204
-0.9706862745098037
-0.9706439570695288
-0.9706110074626865
-0.9705874125874128
-0.9705591798695247
-0.9705402887750347
-0.9705074487895717
-0.970497906002792
-0.9704837209302326
-0.9704602510460247
-0.9704460966542751
-0.9704133766836972
-0.9703899721448469
-0.970366589327146
-0.9703478664192953
-0.9703337969401951
-0.9703104726598702
-0.9702918017600743
-0.9702824074074075
-0.9702637667746411
-0.9702358926919523
-0.9702219140083221
-0.9701987060998151
-0.9701709006928406
-0.9701431209602953
-0.9701107521919704
-0.9700553505535059
-0.970032272936837
-0.9700138248847925
-0.9699861814831874
-0.9699585635359117
-0.9699355729406346
-0.9699356025758972
-0.9699264367816092
-0.9699080882352935
-0.9698989435002296
-0.9698806244260794
-0.9698577329050022
-0.9698256880733949
-0.9698120128381474
-0.9698029330889096
-0.9697892808062296
-0.9697619047619049
-0.9697391304347822
-0.9697072278133578
-0.9696844993141288
-0.9696435100548445
-0.9695797167656467
-0.9695479452054798
-0.9695390232770426
-0.9695301094890507
-0.9695075239398088
-0.9694758432087509
-0.9694305239179951
-0.9694034608378872
-0.9693809740555304
-0.9693403093721564
-0.9693269668030924
-0.9693045454545457
-0.9692776010904132
-0.9692370572207087
-0.9692101679527916
-0.9691787658802177
-0.9691428571428574
-0.9691115140525841
-0.9690620752152239
-0.9690262681159415
-0.9689859665006789
-0.9689502262443436
-0.9689280868385345
-0.9689059674502717
-0.9688838680524176
-0.9688572719060522
-0.9688081264108354
-0.9687635379061375
-0.9687415426251689
-0.9687330928764654
-0.9687111311401531
-0.968666666666667
-0.9686357496623144
-0.9686228622862285
-0.9686009896536213
-0.968583633093525
-0.9685573033707865
-0.9685265049415992
-0.9684957341715312
-0.9684605026929985
-0.9684297891431138
-0.968385650224215
-0.9683325862841774
-0.968279569892473
-0.9682400358262427
-0.9682229185317817
-0.9682147651006713
-0.9681842576028619
-0.9681448368350469
-0.9681009830205543
-0.9680393032603841
-0.9679866071428574
-0.9679651941097721
-0.967921498661909
-0.9678956754346858
-0.9678654188948309
-0.9678173719376392
-0.9677916295636689
-0.967761459724077
-0.9677135231316722
-0.967687861271676
-0.9676666666666667
-0.9676321634828967
-0.9675976909413855
-0.9675632490013313
-0.9675554569653947
-0.9675432372505545
-0.9675221631205672
-0.9674745237040316
-0.9674357838795393
-0.967428065515715
-0.9674292035398229
-0.9673905351614326
-0.9673386383731212
-0.9673000441891301
-0.9672614840989402
-0.9672317880794702
-0.9672065313327449
-0.9671857079841196
-0.9671560846560843
-0.9670956368444249
-0.9670528634361232
-0.9670321444297667
-0.9670026408450704
-0.9669643642762863
-0.9669437115215477
-0.9669054945054947
-0.9668848857644986
-0.9668467281510762
-0.9668217734855133
-0.9667924528301888
-0.9667500000000002
-0.966720736519071
-0.9666827344434705
-0.9666272448532639
-0.9665936952714534
-0.9665776805251644
-0.9665660542432196
-0.9665325754263228
-0.9664816433566432
-0.9664394932284841
-0.9664104803493453
-0.9663814927979051
-0.9663656195462483
-0.966354121238552
-0.966320836965998
-0.9662788671023965
-0.9662412891986062
-0.9662080975185025
-0.9661836379460398
-0.9661722488038278
-0.9661434782608695
-0.9661147327249023
-0.9660686359687233
-0.9660052105948764
-0.9659461805555557
-0.9659175704989156
-0.9658889852558543
-0.9658604247941048
-0.9658188908145585
-0.9657947163274145
-0.9657748917748924
-0.9657550843790567
-0.9657396193771626
-0.9656982274102894
-0.9656655142610202
-0.9656544276457883
-0.9656174438687398
-0.9655675442382389
-0.9655349439171698
-0.9654894351013367
-0.9654741379310343
-0.9654545454545453
-0.9654306632213607
-0.9653852776581999
-0.9653571428571426
-0.9653204301075269
-0.9652794496990539
-0.9652513966480448
-0.9652276632302401
-0.965208243881494
-0.9651888412017164
-0.9651608751608748
-0.9651286449399654
-0.965096442348907
-0.9650814053127676
-0.9650492505353321
-0.9650128424657533
-0.9649764655541291
-0.9649358426005135
-0.9649080803762291
-0.9648846153846151
-0.9648611704399831
-0.9648462852263024
-0.9648058045241145
-0.9647525597269626
-0.9647377398720682
-0.9647271952259164
-0.9646953557733277
-0.9646678023850085
-0.9646573009791399
-0.9646468085106383
-0.9646235644406628
-0.964591836734694
-0.9645643858903528
-0.9645454545454548
-0.9645095541401275
-0.9644651952461801
-0.964429359355112
-0.9644147582697203
-0.9643874523103011
-0.9643516949152545
-0.9643329097839896
-0.9643141405588485
-0.9642996191282269
-0.9642681895093065
-0.9642367864693447
-0.964209636517329
-0.964178284748627
-0.9641554054054052
-0.9641198818066699
-0.9640717299578059
-0.9640489245044281
-0.9640303541315342
-0.9639949431099875
-0.9639721988205558
-0.9639621052631583
-0.9639478114478119
-0.9639209087084559
-0.9639024390243902
-0.9638671710802856
-0.9638319327731092
-0.9638009239815201
-0.9637699412258611
-0.9637473772555601
-0.96371644295302
-0.9636855345911951
-0.9636630343671413
-0.9636447423544202
-0.9636180904522615
-0.9635830891586437
-0.9635230125523014
-0.9634922626516099
-0.9634740802675591
-0.9634559130798163
-0.9634294068504593
-0.9634196242171191
-0.9633973288814688
-0.9633792240300373
-0.9633527939949963
-0.9633263859941643
-0.9632958333333339
-0.9632528113286131
-0.9632306411323895
-0.9632126508531001
-0.9632029950083192
-0.9631850311850312
-0.963171238570241
-0.9631366846697132
-0.9631187707641198
-0.9631050228310505
-0.9630954356846472
-0.9630609705516382
-0.9630265339966831
-0.9630087028595109
-0.9629743164871583
-0.9629358178053831
-0.9629097682119204
-0.9629127016963176
-0.96287841191067
-0.9628524183546916
-0.9628140495867769
-0.9628046261875255
-0.9627745664739885
-0.9627569129178701
-0.9627227722772274
-0.9626886597938145
-0.9626710634789777
-0.9626328800988876
-0.9625782537067544
-0.9625401399752989
-0.9625144032921809
-0.9624969148498562
-0.9624671052631584
-0.9624249897246198
-0.962391125718981
-0.9623655030800822
-0.9623316912972087
-0.9622938038572012
-0.9622600492206729
-0.9622140221402211
-0.9621967213114757
-0.9621589512494879
-0.9621375921375922
-0.9621203438395416
-0.9620949263502457
-0.9620613496932507
-0.9620278004905966
-0.9620106252554146
-0.9619893790849674
-0.9619599836668029
-0.961942857142857
-0.9619216646266834
-0.9618882544861342
-0.9618630248675093
-0.9618133659331701
-0.9617922606924644
-0.9617711726384363
-0.9617419617419616
-0.9617046379170056
-0.9616632777551852
-0.9616260162601625
-0.9616050386021944
-0.9615962632006494
-0.9615509541209907
-0.961517857142857
-0.961501014198783
-0.9614760746147604
-0.9614349412241588
-0.9613857374392221
-0.961352774402592
-0.9613117408906888
-0.961282881424524
-0.9612378640776695
-0.9611928831378891
-0.9611802748585286
-0.9611555555555552
-0.9611106623586426
-0.9610738796931774
-0.9610451977401131
-0.9609923356192012
-0.9609637096774193
-0.9609028617492947
-0.9608460918614021
-0.9608095046314941
-0.9607809983896938
-0.9607525150905433
-0.9607119871279163
-0.9606915963007643
-0.9606511254019294
-0.9606147047006829
-0.9605783132530119
-0.9605499799277399
-0.9605337078651687
-0.9605094263939026
-0.9604731355252609
-0.9604368737474949
-0.9604086538461538
-0.9603644373247895
-0.9603402722177746
-0.9602761104441774
-0.9602440000000001
-0.960219912035186
-0.9602078337330141
-0.9601598082301238
-0.9601158146964854
-0.9601037924151699
-0.9600798084596974
-0.9600518548065413
-0.9600000000000005
-0.9599561578318059
-0.9599362549800798
-0.9599044205495817
-0.9598566878980891
-0.9598209311579781
-0.9598011137629279
-0.9597892644135192
-0.9597655007949126
-0.9597338100913788
-0.9596862589356634
-0.9596466851925372
-0.9596190476190478
-0.9595874652915508
-0.9595281522601107
-0.9594768133174795
-0.9594413629160059
-0.9594297029702972
-0.9594061757719717
-0.9593668381480015
-0.9593591772151904
-0.959347568208778
-0.9593122529644266
-0.9592848676412483
-0.9592535545023699
-0.9592222660876434
-0.9592107340173635
-0.959183431952663
-0.9591679810725552
-0.9591446590461176
-0.9590898345153667
-0.9590626230799528
-0.959023622047244
-0.9590200708382526
-0.958988985051141
-0.9589500589854505
-0.9589229559748429
-0.9588880157170924
-0.9588491751767476
-0.9588299960738124
-0.9588029827315536
-0.9587759905845431
-0.9587333333333334
-0.958710309682477
-0.9587068965517238
-0.9586760673717198
-0.9586413469068128
-0.9586183953033269
-0.9585876369327074
-0.9585177942901839
-0.9584480062548866
-0.9584095349745994
-0.9583828124999997
-0.9583483014447485
-0.9583138173302105
-0.9582793601248534
-0.958237129485179
-0.9582222222222221
-0.9582034294621977
-0.9581846513439816
-0.9581386292834889
-0.958108213312573
-0.958073929961089
-0.9580357837417348
-0.9580093312597203
-0.9579712397979013
-0.9579759129759132
-0.9579456310679612
-0.9579153726708075
-0.9578812572759025
-0.9578277734678043
-0.9578053509112059
-0.9577751937984499
-0.9577450600542428
-0.9577304415182024
-0.9577119628339138
-0.9576818885448918
-0.9576402321083171
-0.9576140757927303
-0.9575879396984927
-0.9575695517774341
-0.95751641560448
-0.9574710424710422
-0.9574604399845622
-0.9574421296296297
-0.957400694176629
-0.9573708558211256
-0.9573487475915221
-0.9573073959938365
-0.9572814786291874
-0.9572555812163199
-0.9572373989996155
-0.9572115384615381
-0.9571972318339098
-0.9571829362029205
-0.9571571263926235
-0.9571121351766518
-0.9570748560460651
-0.9570529547198771
-0.9570195627157654
-0.9569670245398771
-0.9569336910693755
-0.9568965517241382
-0.9568517809268476
-0.956810872894334
-0.9567853042479909
-0.9567674062739099
-0.9567456978967495
-0.9566934250764519
-0.95664883454337
-0.9566271963330791
-0.9566017563955707
-0.9565801526717559
-0.9565623807706983
-0.9565484363081623
-0.9565078154784598
-0.9564748475609758
-0.956445714285715
-0.9564166031987813
-0.9564027407689382
-0.9563736681887367
-0.9563522251806765
-0.9563231939163497
-0.9563207905739265
-0.9562917933130697
-0.9562704139764526
-0.9562490508731966
-0.9562314990512338
-0.956202579666161
-0.956169890026545
-0.9561372251705837
-0.9560932171276998
-0.9560643939393941
-0.9560469519121544
-0.9560219530658594
-0.9559818388195234
-0.9559304084720125
-0.955913043478261
-0.955895691609977
-0.9558745749905552
-0.9558496978851967
-0.9558248395620992
-0.9558
-0.9557714070162203
-0.9557390648567116
-0.9557142857142853
-0.9557008289374529
-0.9556685499058384
-0.955625
-0.9555927738050434
-0.9555568096313016
-0.9555359157578038
-0.9555112781954886
-0.9554829011649753
-0.9554320060105183
-0.9554111903867818
-0.9553978978978982
-0.9553658536585367
-0.9553375843960993
-0.9553093363329586
-0.9552886056971513
-0.9552753840389657
-0.9552546816479408
-0.9552227630101087
-0.9551833832335329
-0.9551552562663672
-0.9551421091997007
-0.9551177570093459
-0.9550896860986541
-0.9550541651101976
-0.955041075429425
-0.9550018663680482
-0.9549664179104477
-0.954930995897053
-0.9548993288590605
-0.9548602310846072
-0.9548323397913562
-0.9548081936685286
-0.9547803425167537
-0.9547525120952737
-0.954732142857143
-0.9547006322052809
-0.9546765799256505
-0.954641397250093
-0.9545988112927182
-0.9545785369476418
-0.9545619896065332
-0.9545343228200366
-0.9544992581602376
-0.9544642195031515
-0.9544329132690881
-0.9543979251574654
-0.9543777777777775
-0.9543502406516104
-0.954322723908216
-0.9542952275249718
-0.9542714497041416
-0.9542550831792974
-0.9542239467849224
-0.9541854451422235
-0.9541654357459379
-0.9541306755260247
-0.9540811808118083
-0.9540612320177053
-0.954041297935103
-0.9540213785477332
-0.9540014738393512
-0.9539779005524863
-0.9539432989690719
-0.9539271255060727
-0.9538999264164829
-0.9538801029790365
-0.953856617647059
-0.9538368246968026
-0.9537913299044822
-0.9537752478883581
-0.9537481644640238
-0.9537027522935781
-0.9536573734409386
-0.9536120278694539
-0.9535703812316717
-0.9535397581531697
-0.9535274725274722
-0.9535042109117537
-0.9534553440702787
-0.9534211489205994
-0.95340160936357
-0.9533820840950641
-0.9533479532163741
-0.9533028863719398
-0.9532615047479913
-0.9532201533406353
-0.9531934306569342
-0.9531813206858808
-0.9531473377097011
-0.9530987969376596
-0.9530758017492712
-0.9530382513661203
-0.9530043699927165
-0.952974153622133
-0.9529366812227075
-0.9529028737722811
-0.9528836363636366
-0.952860777898946
-0.9528234011627899
-0.9527933163821287
-0.95276688453159
-0.9527441016333937
-0.9527249637155297
-0.9526731955023571
-0.9526214648295865
-0.9526023921710761
-0.9525724637681153
-0.9525280695400217
-0.9525018102824042
-0.9524647122692723
-0.9524276410998554
-0.9524195298372513
-0.9523897324656545
-0.9523238164076615
-0.9522976878612712
-0.9522824124232576
-0.9522599277978344
-0.952226632984482
-0.9521969696969697
-0.9521492967904797
-0.9521052631578948
-0.952082882882883
-0.9520641210374641
-0.952041771696075
-0.9520086393088554
-0.9519755307664631
-0.951953237410072
-0.9519201725997845
-0.9518835370237236
-0.9518505210204818
-0.9518139367816093
-0.9517737881508078
-0.9517372577171568
-0.951704341585935
-0.9516571018651366
-0.9516170670491216
-0.9515878136200717
-0.9515729129344324
-0.9515687679083094
-0.9515395631936988
-0.951496062992126
-0.9514525939177103
-0.9514341917024324
-0.9514086521272792
-0.9513795568263045
-0.9513397642015009
-0.9512928571428574
-0.9512602641913601
-0.9512205567451822
-0.9512022832679272
-0.9511911554921544
-0.9511550802139038
-0.9511190306486107
-0.9510936943355897
-0.9510719373219371
-0.9510252758988958
-0.950992882562278
-0.9509711846318035
-0.9509388335704123
-0.9509207252044081
-0.9508919687277895
-0.9508454706927175
-0.9508132102272723
-0.950784522541711
-0.9507665010645848
-0.9507343029443066
-0.9506950354609931
-0.9506557958170859
-0.9506378454996455
-0.9506163655685442
-0.9505701133144479
-0.9505238938053095
-0.950481245576787
-0.9504563141139015
-0.9504278642149931
-0.9503923647932134
-0.9503533568904596
-0.950328505828329
-0.9503072033898304
-0.9502612072008476
-0.9502258292166545
-0.9501975308641974
-0.9501586741889985
-0.9501339443073665
-0.9500986610288936
-0.9500704473406132
-0.9500246478873237
-0.9500035198873635
-0.9499894440534834
-0.9499753781217024
-0.9499331926863569
-0.9498945518453425
-0.9498489107519325
-0.9498208640674392
-0.9497893258426966
-0.9497613197613198
-0.9497263157894742
-0.9496808137495616
-0.9496528751753156
-0.9496179460217313
-0.9495900490539592
-0.949565674255692
-0.9495308123249298
-0.9495029751487578
-0.9494611616515043
-0.949433368310598
-0.949402097902098
-0.9493883257602233
-0.9493780573025858
-0.9493503318197692
-0.9493086592178767
-0.9492844677137867
-0.9492602930914164
-0.949236135333101
-0.9491980474198053
-0.9491704426629493
-0.949156794425087
-0.9491118077324974
-0.9490772980501394
-0.9490532544378699
-0.9490153096729298
-0.9489739130434782
-0.9489499304589708
-0.9489190128606185
-0.9488811674774148
-0.9488572420979507
-0.9488368055555562
-0.9488094411662619
-0.9487716863289382
-0.9487304890738811
-0.9486858529819693
-0.9486620450606591
-0.9486313236313242
-0.9485763768617944
-0.9485526315789476
-0.9485358255451718
-0.9485086505190305
-0.9484641992390174
-0.9484266943291837
-0.9484064984445213
-0.948365583966828
-0.9483385146804839
-0.9482976519337015
-0.9482706247842598
-0.9482436162870949
-0.9482200758882374
-0.9481896551724137
-0.9481592554291625
-0.9481323225361826
-0.9481019634860484
-0.9480750688705234
-0.9480275387263336
-0.9479766001376462
-0.94796697626419
-0.9479470426409904
-0.9478927466483321
-0.947859106529209
-0.9478289247681208
-0.9478262362637366
-0.9478098180569863
-0.9477556623198352
-0.9477118353344766
-0.9476954732510288
-0.9476859787452865
-0.947655928718301
-0.9476121959575197
-0.9475856164383565
-0.9475693255734333
-0.947559890485968
-0.9475265138556277
-0.9474897400820794
-0.9474564102564105
-0.9474060150375937
-0.947382985992484
-0.9473668032786885
-0.9473096620006832
-0.9472627986348126
-0.9472296144660521
-0.9471998635743519
-0.9471735424480058
-0.94714042263122
-0.947103918228279
-0.9470776566757496
-0.9470548178413349
-0.946997957794418
-0.9469615515481457
-0.9469421768707482
-0.9469194151649095
-0.9469000679809652
-0.9468637444784236
-0.9468206521739131
-0.9467775891341259
-0.9467379497623897
-0.9467017305734644
-0.9466723202170962
-0.9466395388267206
-0.9466
-0.9465706540155878
-0.9465447154471549
-0.9464984761259737
-0.9464353419092754
-0.9464094754653128
-0.9463802435723955
-0.9463544132566792
-0.9463218390804594
-0.9462926664413649
-0.9462466216216217
-0.9462208713272541
-0.9461951384199863
-0.9461862976712792
-0.9461504723346832
-0.9461247892074196
-0.9461092380310183
-0.9460869565217388
-0.9460478436657683
-0.9460087571572922
-0.9459898989898993
-0.9459575900370243
-0.9459152086137279
-0.9458762193070975
-0.9458473436449227
-0.9458285714285717
-0.9458064516129032
-0.9457641921397378
-0.9457320349227666
-0.9456931856327618
-0.9456476510067111
-0.9456256289835627
-0.9456036217303825
-0.9455816292323163
-0.9455563002680967
-0.9455309882747076
-0.9455023442732754
-0.9454670237696685
-0.9454317269076303
-0.9453997992639674
-0.945364548494983
-0.9453326646606489
-0.9453008021390373
-0.9452890076845974
-0.9452738810955242
-0.9452320534223709
-0.9452036048064086
-0.9451785118451792
-0.9451501000667111
-0.9451217072357454
-0.94509
-0.9450649783405531
-0.9450399733510995
-0.9450016650016653
-0.9449400798934754
-0.9448985024958403
-0.9448669328010644
-0.9448553375457268
-0.9448304521276593
-0.9447922897972747
-0.9447508305647841
-0.9447326469611429
-0.9447078353253648
-0.9446896780617329
-0.9446715328467153
-0.9446401326699828
-0.9445921750663128
-0.944574080212131
-0.9445493704440028
-0.9444948658496192
-0.9444668874172183
-0.944445547831844
-0.9444142951687624
-0.944379755210056
-0.9443518518518518
-0.944333884297521
-0.944306014540647
-0.9442616451932605
-0.9442140026420077
-0.9441928029052492
-0.9441716171617162
-0.9441438469152099
-0.9441160949868072
-0.9440850642927798
-0.9440672379696768
-0.9440494233937397
-0.9440283267457181
-0.9439973658215348
-0.9439927583936801
-0.9439782823297138
-0.9439473684210524
-0.9439296284117069
-0.943905325443787
-0.9438744659875123
-0.9438501971090671
-0.9438357963875204
-0.9438148391332895
-0.9437807679684938
-0.9437401574803153
-0.9436864545752701
-0.9436426229508196
-0.9436086529006883
-0.9435878112712978
-0.9435702587618731
-0.9435297969875576
-0.9434893617021278
-0.9434489528795814
-0.9434151128557409
-0.943381294964029
-0.943360575351422
-0.943346405228758
-0.943319176739628
-0.9432952318745917
-0.9432778321906629
-0.9432506527415145
-0.9432104404567698
-0.94319308545336
-0.9431822627975217
-0.9431747066492828
-0.9431443466927338
-0.9431074918566776
-0.9430901986323676
-0.9430761718750001
-0.9430621542466647
-0.9430318802862723
-0.9429886178861788
-0.9429778933680103
-0.9429509262268442
-0.9429272254710845
-0.9429035401104254
-0.9428831168831173
-0.9428497241155469
-0.9427968851395199
-0.9427765163801491
-0.9427723735408559
-0.9427487844408428
-0.9427284510693456
-0.9426919339164239
-0.9426748704663211
-0.9426578180640982
-0.9426343042071197
-0.942601099967648
-0.9425970245795599
-0.9425670869705786
-0.942524240465416
-0.9424846526655898
-0.9424677002583982
-0.9424604455925086
-0.9424338282763073
-0.9423878670538883
-0.9423645161290323
-0.9423476297968396
-0.9423307543520312
-0.9423138897840799
-0.9422809278350515
-0.9422576489533016
-0.9422408242112037
-0.9422336659156743
-0.9422104247104244
-0.9421775490511414
-0.9421511254019292
-0.9421343619414979
-0.9421079691516708
-0.9420912303244461
-0.9420841361592802
-0.9420642054574642
-0.9420378690629009
-0.9420147577799166
-0.9419916613213598
-0.9419846104520677
-0.941961538461539
-0.9419320730535086
-0.9418962203715563
-0.9418796029458852
-0.9418565941101152
-0.9418304
-0.9418106206014074
-0.9417908538535334
-0.9417742966751922
-0.9417353787152445
-0.9417028753993609
-0.9416767805812839
-0.9416538952745852
-0.9416182572614106
-0.9415890236119974
-0.9415725677830938
-0.9415401785714285
-0.9415014344915522
-0.9414722753346078
-0.9414463204842306
-0.9414203821656052
-0.941394460362941
-0.9413653723742841
-0.9413458479160042
-0.9413167938931296
-0.9412941176470586
-0.9412746344564527
-0.9412360978709882
-0.9412039390088947
-0.9411940298507462
-0.941177777777778
-0.9411456680418915
-0.9411199238578684
-0.9411037107516651
-0.9410875079264427
-0.9410744849445325
-0.941036121673004
-0.9410009502692429
-0.9409753008233064
-0.9409591642924974
-0.9409430379746837
-0.9409205947484972
-0.9408950031625554
-0.9408725893139424
-0.9408565107458914
-0.9408404423380722
-0.9408117498420719
-0.940795705715188
-0.9407702020202019
-0.9407541811296941
-0.9407444794952677
-0.9407032481866916
-0.9406715006305169
-0.9406649858178379
-0.9406395715185881
-0.940614173228346
-0.9405730478589419
-0.9405288007554299
-0.9405034612964129
-0.9404812834224598
-0.9404559748427674
-0.9404212511788752
-0.9403928346951602
-0.9403612943763746
-0.9403423366834172
-0.940317111459969
-0.9402824858757057
-0.9402416065265138
-0.9402383939774152
-0.9402257761053623
-0.9401943573667709
-0.9401598245064247
-0.9401253132832081
-0.9401096147823362
-0.9400845335003134
-0.9400375586854459
-0.9399999999999997
-0.9399812324053803
-0.9399562226391492
-0.9399406064395126
-0.9399249999999995
-0.9398969072164951
-0.9398657089319176
-0.9398282859818924
-0.9398064918851433
-0.9397753510140409
-0.939753587024329
-0.9397193638914874
-0.9397007481296761
-0.9396914926768462
-0.939654205607477
-0.9396262846465281
-0.9395921544209215
-0.9395642701525047
-0.9395426260112011
-0.9395272161741834
-0.9394993781094533
-0.9394777743239042
-0.9394530764449968
-0.9394190742466607
-0.939388198757764
-0.9393604470661286
-0.9393296089385477
-0.939311200744648
-0.939295905707196
-0.9392651162790697
-0.9392405455672656
-0.9392221877905176
-0.9391914498141263
-0.9391576339423967
-0.9391362229102169
-0.939124110182606
-0.9391058168316835
-0.9390844416950196
-0.9390445269016694
-0.9390200927357034
-0.939001854140915
-0.9389805375347544
-0.9389499691167389
-0.9389379438098173
-0.9389259259259259
-0.9389015735883985
-0.938877236273905
-0.9388621646623497
-0.9388286066584464
-0.9388012326656393
-0.9387861983980286
-0.9387619340930091
-0.9387438423645318
-0.9387134502923976
-0.9386923076923077
-0.9386681021224238
-0.9386531365313654
-0.9386105133722715
-0.9385894283958208
-0.938568356374808
-0.9385380835380837
-0.9385170402210621
-0.9384898710865559
-0.9384627186253454
-0.9384386503067483
-0.938408463661454
-0.9383844267320665
-0.9383634692001226
-0.9383363970588232
-0.938318529862175
-0.9383067973055722
-0.9382858891949803
-0.9382558139534889
-0.9382226980728053
-0.9382048929663612
-0.938196270253745
-0.9381723716381414
-0.9381362664222425
-0.9381093463653025
-0.9380977099236635
-0.9380708180708178
-0.9380439426304547
-0.9380201342281878
-0.9380115888990546
-0.9379908536585363
-0.937970131057604
-0.9379524680073132
-0.9379256777337798
-0.9379049939098656
-0.9378660578386606
-0.9378241022519787
-0.9378004259202928
-0.9377737226277373
-0.9377591973244145
-0.9377386018237083
-0.9377058644788816
-0.937667071688943
-0.9376434861828118
-0.9376290224650886
-0.937596358118361
-0.9375637135922329
-0.9375219896875948
-0.9374924196482718
-0.9374507426492877
-0.9374272727272728
-0.9374129051802484
-0.9373803755299822
-0.9373599757795945
-0.9373365617433415
-0.9373192133131621
-0.9373049001814884
-0.9372754762624734
-0.9372490931076183
-0.9372378362042909
-0.9372265861027189
-0.9372002416188462
-0.9371678743961347
-0.9371476003622093
-0.9371454435727222
-0.9371312217194562
-0.9370898673100118
-0.9370605969249322
-0.9370524412296565
-0.9370382645375115
-0.9370060240963857
-0.9369617585064741
-0.9369265502709209
-0.9368973818838401
-0.9368622141997592
-0.9368300751879701
-0.936812988574865
-0.9367899008115418
-0.9367638221153842
-0.9367257434665061
-0.9366876876876876
-0.9366616631642153
-0.9366356542617047
-0.9366156615661564
-0.9365806838632273
-0.93655772113943
-0.9365257793764988
-0.9364908600539404
-0.9364709406830438
-0.9364480383348309
-0.936437125748503
-0.9364172403472011
-0.9363794135248353
-0.9363296440323065
-0.9363098086124407
-0.9363019431988039
-0.9362851165570834
-0.9362473857185535
-0.9361977299880528
-0.9361630337414154
-0.93615223880597
-0.936135481945688
-0.9361187350835317
-0.9360960334029228
-0.9360494931425164
-0.9360238450074516
-0.9360011918951133
-0.9359815311289843
-0.935958904109589
-0.935921405180113
-0.9358839285714282
-0.9358524248735498
-0.935826888756692
-0.935810288432947
-0.9357996432818075
-0.9357741456166414
-0.9357427213309569
-0.9357053757053759
-0.9356739904988123
-0.9356396556841798
-0.9356261127596445
-0.93559477899733
-0.9355753262158957
-0.9355558849688701
-0.9355216360403079
-0.9354903703703701
-0.9354472748815162
-0.9354219721646432
-0.9353907637655418
-0.9353595738384136
-0.9353313609467458
-0.9353002070393376
-0.9352661147250143
-0.9352438663907771
-0.935221631205674
-0.9351935007385523
-0.9351653868871824
-0.9351313847062295
-0.9350974025974027
-0.9350722927117142
-0.9350501474926257
-0.9350162194043057
-0.9349970518867917
-0.9349720011788978
-0.9349381261048909
-0.934913107511045
-0.9348969375736159
-0.934869002060642
-0.9348381400824012
-0.9348102383053836
-0.934773529411765
-0.934742722728609
-0.9347178130511463
-0.9346870408463119
-0.9346709753231495
-0.9346461086637297
-0.934612448620082
-0.9345846786028765
-0.9345451877934268
-0.9345145203872104
-0.9344926686217012
-0.9344708296687189
-0.9344460726846422
-0.9344271901552881
-0.9343995313415344
-0.934374816983895
-0.9343530444964874
-0.9343254316652038
-0.9342861322410774
-0.9342527054694354
-0.9342222222222226
-0.934194679918153
-0.9341613091759203
-0.9341367221735317
-0.9341150700934581
-0.9340934306569346
-0.9340659661412724
-0.9340443536620953
-0.9340315052508753
-0.9340040828229808
-0.9339825072886301
-0.9339376275138439
-0.9339015151515158
-0.933891639965045
-0.9338672102504365
-0.9338340611353709
-0.9337892898719441
-0.9337707302880416
-0.9337521815008727
-0.9337307356789764
-0.9337151162790698
-0.9336762569020636
-0.9336257989540961
-0.9335957014231779
-0.9335743321718931
-0.9335558780841801
-0.9335345327916424
-0.9335073977371622
-0.9334657772621812
-0.9334386778776457
-0.9334144927536231
-0.9334106056215589
-0.9333893395133256
-0.93334202143064
-0.9332889403590039
-0.9332416787264836
-0.9332089120370373
-0.9331761643043102
-0.9331463273568538
-0.9331338537149466
-0.9330982658959538
-0.9330771453337185
-0.9330473714615829
-0.9329887380883628
-0.932970554272517
-0.9329581529581532
-0.9329197922677434
-0.9328670320161521
-0.9328258362168392
-0.9328019602190837
-0.9327694524495681
-0.9327312013828868
-0.9326929723502302
-0.9326605240426143
-0.9326252158894646
-0.9325928057553955
-0.9325661680092066
-0.9325280414150133
-0.9324640598044851
-0.9324173613107213
-0.9323908045977015
-0.9323757540936515
-0.9323520964962667
-0.9323313235716335
-0.9322962112514354
-0.9322668579626971
-0.9322489959839361
-0.9322426154287351
-0.9322276376146789
-0.9321811407280025
-0.9321203438395415
-0.9320882268690919
-0.9320733104238259
-0.9320641282565134
-0.9320349170005722
-0.9320057224606583
-0.931982265446224
-0.9319702602230484
-0.9319353916523727
-0.9318948270934558
-0.9318571428571434
-0.9318309054555839
-0.931798972015991
-0.9317784755923496
-0.9317636986301371
-0.9317375178316694
-0.931694238448374
-0.9316509837467919
-0.9316277080957811
-0.9316015958962667
-0.9315726495726494
-0.9315494161207633
-0.9315432801822321
-0.9315286080273271
-0.9314883323847469
-0.9314594594594594
-0.9314476678043236
-0.9314273528575492
-0.9314127345082435
-0.9313867576015912
-0.9313352272727272
-0.9312808861119002
-0.9312464508801819
-0.931234743116662
-0.9312088535754823
-0.9311829787234042
-0.9311457742484401
-0.9311114261411965
-0.93109410430839
-0.9310739586285061
-0.9310566572237962
-0.9310308694420845
-0.9310022650056627
-0.930973676761959
-0.9309451046972268
-0.9309222065063654
-0.9309049773755652
-0.9308736217133168
-0.9308338044092709
-0.9308081378920597
-0.9307853107344632
-0.9307681445919233
-0.9307396950875209
-0.9307112616426758
-0.9306715575620771
-0.9306403385049363
-0.9306316976875353
-0.9306061460389061
-0.9305693348365276
-0.9305212735981965
-0.93047323943662
-0.9304449450858913
-0.9304251126126128
-0.9303884041654941
-0.9303517163759147
-0.9303206751054853
-0.9302924634420698
-0.9302530222097275
-0.9302023608768973
-0.9301770160157343
-0.9301601123595503
-0.9301235607975287
-0.9300954519932628
-0.9300757788380577
-0.9300561167227834
-0.9300224403927071
-0.9300056085249583
-0.9299775721895154
-0.9299495515695065
-0.9299271504623147
-0.9298851540616245
-0.9298515821898624
-0.929829227323628
-0.9298012874335293
-0.9297677672076106
-0.9297482517482513
-0.929723154362416
-0.9296896840928155
-0.9296450531022917
-0.929620005588153
-0.9295782122905029
-0.9295476123987716
-0.9295142378559464
-0.9294864638571032
-0.9294503348214285
-0.9294086471408651
-0.9293753485778024
-0.9293504321159746
-0.9293199554069121
-0.9292950682641399
-0.9292646239554323
-0.9292425508214983
-0.9292037861915364
-0.929176175897579
-0.9291402337228711
-0.9291015299026425
-0.9290684093437149
-0.9290492076730608
-0.9290244580322402
-0.9289858293970548
-0.9289472222222223
-0.9289225215217997
-0.9289033870072181
-0.9288759367194005
-0.9288457269700332
-0.9288072122052707
-0.9287770382695507
-0.9287330191294703
-0.9286917960088694
-0.928658908284843
-0.9286288088642661
-0.9286014954306286
-0.9285686600221486
-0.9285303072239135
-0.9284892086330934
-0.9284481327800819
-0.9284126106194691
-0.9283909317113636
-0.9283637368711993
-0.9283310306714557
-0.928301104972376
-0.9282739574703123
-0.9282495858641636
-0.9282114269942037
-0.9281843267108169
-0.9281655172413799
-0.928141202426917
-0.9280976013234078
-0.9280485115766263
-0.9280214935243869
-0.9279944903581264
-0.9279482236298539
-0.9279047356828191
-0.9278777869529311
-0.927856356631811
-0.9278239339752409
-0.9277887788778882
-0.927750893593621
-0.9277102803738313
-0.9276586974443528
-0.9276181318681318
-0.9276023070584998
-0.9275755079626578
-0.9275404886082902
-0.9275164654226121
-0.9274814814814815
-0.9274602303894675
-0.9274362489717579
-0.9274067982456141
-0.9273664017539051
-0.927331506849315
-0.9272829361818679
-0.9272535596933192
-0.9272351491924443
-0.9272058018609741
-0.9271627906976748
-0.9271225382932164
-0.9270959803117309
-0.9270721705850193
-0.9270374419240232
-0.9270163934426232
-0.9269871619776012
-0.9269579464773346
-0.9269287469287469
-0.9269077510917028
-0.9268922237380625
-0.9268630660120022
-0.9268284701390787
-0.926810250817884
-0.9267920414281815
-0.9267493188010902
-0.9267120675565239
-0.9266911764705881
-0.9266784644704602
-0.9266630375612414
-0.9266285714285714
-0.9265941240478781
-0.9265841718792496
-0.9265524741707449
-0.926518075564012
-0.926491847826087
-0.9264737842977451
-0.9264530146659429
-0.9264241107792565
-0.9263979370249728
-0.9263663500678425
-0.9263483450895278
-0.9263195009492812
-0.9262933839479394
-0.926275413391163
-0.926230352303523
-0.926209699268491
-0.9261890574214517
-0.9261792580557809
-0.9261559285327559
-0.926121786197564
-0.9260930735930738
-0.9260724912090885
-0.9260465116279073
-0.9260286563936195
-0.9260081081081084
-0.9259848689543368
-0.9259346299297675
-0.9258979206049146
-0.9258909287257022
-0.9258542510121458
-0.9258337830545065
-0.9258241165362827
-0.9258009708737867
-0.9257778376921004
-0.9257493261455523
-0.9257208299649692
-0.9256923491379312
-0.9256692701319689
-0.9256300484652665
-0.9256069986541047
-0.9255893433799786
-0.9255582458972289
-0.9255379236148468
-0.9255122344716322
-0.9254731182795704
-0.9254447729105079
-0.9254191295002687
-0.9254176739188825
-0.9253974221267451
-0.925374496644295
-0.9253435319377346
-0.9253018513549773
-0.9252843347639488
-0.9252721909359082
-0.9252332439678287
-0.925191637630662
-0.9251554126473742
-0.9251165282614516
-0.9250803427959294
-0.9250575635876842
-0.9250428265524626
-0.9250147176879853
-0.9250026752273941
-0.9249826156726394
-0.9249518716577546
-0.9249184709970595
-0.9248904329235699
-0.9248624098316861
-0.9248397435897434
-0.9248197596795725
-0.924805125467165
-0.9247798238590877
-0.9247491995731051
-0.9247212590024009
-0.9246933333333333
-0.9246680885097303
-0.9246455223880596
-0.924614974686917
-0.9245897709110286
-0.9245699067909453
-0.9245420660276886
-0.9245222251796646
-0.9244970729111236
-0.9244533120510776
-0.9244095744680851
-0.9243818133475145
-0.9243673577884097
-0.9243555673664627
-0.9243331562167911
-0.9243054448871181
-0.9242644715878918
-0.9242421024688079
-0.9242144373673038
-0.924181480498806
-0.9241697612732093
-0.9241474409970833
-0.9241251325556736
-0.9241001855287568
-0.9240593534711188
-0.9240397350993379
-0.9240333686440679
-0.9240164151442944
-0.923988883006882
-0.9239454882243979
-0.9239206349206347
-0.9239010843692143
-0.9238841882601799
-0.9238593708696796
-0.9238239957716702
-0.923799207397622
-0.923769149498151
-0.9237311856350674
-0.9237090813093981
-0.9236869886513595
-0.9236464379947235
-0.9236032709047747
-0.9235706751054851
-0.923567097284472
-0.923539799683711
-0.9234993412384719
-0.9234694415173869
-0.9234500921780355
-0.923433385992628
-0.9234061595156617
-0.9233763157894742
-0.9233491186529861
-0.9233193056286163
-0.9232947672889823
-0.9232702418506833
-0.9232509855453348
-0.9232264844981607
-0.9231862358812707
-0.9231486344537815
-0.9231320556576529
-0.9231128608923883
-0.9230936762004724
-0.923074501573977
-0.9230448465774984
-0.9230256948085998
-0.9230091743119268
-0.9229690775681343
-0.9229394812680113
-0.9229229963331587
-0.9229117570044513
-0.9228821989528794
-0.9228474221408005
-0.922820512820513
-0.9227962333246141
-0.9227771966527201
-0.922758169934641
-0.9227286983795085
-0.9227070812646982
-0.9226828631138977
-0.9226429877252543
-0.9226240208877284
-0.9225894022448448
-0.922567849686848
-0.9225436994521268
-0.9225195618153367
-0.9224928292046934
-0.9224713242961416
-0.9224211623664322
-0.9223788431474723
-0.9223573847356079
-0.9223463541666668
-0.922319708409268
-0.9222930765226445
-0.9222664584959668
-0.9222398543184184
-0.9222288686605981
-0.9221944877795112
-0.9221575253444244
-0.9221205821205818
-0.9220940504027023
-0.9220857142857142
-0.9220903661386654
-0.922066458982347
-0.9220192058136517
-0.921984950700571
-0.9219714656290529
-0.9219605809128631
-0.9219419237749544
-0.9219129082426127
-0.9218839077481213
-0.921860103626943
-0.9218440818440817
-0.9218203003625065
-0.9217913538700492
-0.9217650103519671
-0.9217309184993533
-0.9217071908949818
-0.9216783035945179
-0.9216520165460186
-0.9216102352028944
-0.9215788113695091
-0.9215396538362179
-0.9215185950413223
-0.9214794732765299
-0.9214532782653586
-0.9214296774193549
-0.9214009287925691
-0.9213876708795458
-0.921358947911294
-0.9213328177365301
-0.9213015463917528
-0.9212909044060804
-0.9212673879443587
-0.9212464589235124
-0.921217816683831
-0.9211840411840412
-0.9211580030880083
-0.9211319783895036
-0.9211085390946507
-0.9210928259192595
-0.9210848329048842
-0.9210691338987406
-0.9210277492291877
-0.9209838171076292
-0.9209578839239856
-0.920952503209243
-0.9209496919917863
-0.9209289196818067
-0.9208978963571064
-0.9208643241856884
-0.9208358974358979
-0.9208203024865419
-0.9207995899538696
-0.9207660773763773
-0.9207223360655736
-0.9206914212548019
-0.920660522273426
-0.9206245200921422
-0.920603889457523
-0.9205909439754411
-0.9205703324808185
-0.9205318332907183
-0.920493353783231
-0.9204676718630206
-0.9204573326520186
-0.9204418901660282
-0.9204060265577119
-0.9203625223385242
-0.9203266972945379
-0.9203036488900223
-0.9202831632653065
-0.9202575873501655
-0.920224375318715
-0.9201962783583997
-0.9201681957186543
-0.9201401273885349
-0.9201324503311255
-0.9201094983447926
-0.920078920570265
-0.9200483583609065
-0.920033078880407
-0.9200178071737471
-0.9199847405900309
-0.9199516908212563
-0.9199211997966442
-0.9198932655654387
-0.9198704268292685
-0.9198653797307595
-0.9198501777552062
-0.9198146737750698
-0.9197791878172592
-0.9197868561278868
-0.9197666159309993
-0.9197413137205173
-0.9197008113590261
-0.9196704689480357
-0.9196604156107457
-0.9196529009374206
-0.9196225937183382
-0.9195998987085336
-0.9195848101265817
-0.9195596051632497
-0.9195344129554656
-0.9195092334935491
-0.9194967121901872
-0.9194841972187109
-0.9194539939332657
-0.9194187515794796
-0.9193885800909551
-0.9193786309674161
-0.9193484848484849
-0.9193208785660189
-0.9193008581524481
-0.9192732778198333
-0.9192431886982848
-0.9192105926860027
-0.9191855774079672
-0.9191706579279046
-0.9191507056451609
-0.9191307634164778
-0.9191057934508821
-0.9190808360614459
-0.9190508559919434
-0.9190334759627484
-0.9190110719677907
-0.9189786163522013
-0.9189512072434606
-0.9189388986673375
-0.9189140271493207
-0.9188791153556174
-0.9188618090452263
-0.9188520472243157
-0.9188272225012557
-0.9188049209138838
-0.9187801204819277
-0.918762860727729
-0.9187506271951836
-0.9187283671933784
-0.9187161484453362
-0.9186964151416394
-0.9186766917293232
-0.9186544725632675
-0.9186322645290581
-0.9185900325569746
-0.9185578367551329
-0.918543178973717
-0.9185335335335335
-0.918508881661246
-0.9184942471235619
-0.9184771192798202
-0.918445
-0.9184203949012744
-0.9183858070964516
-0.9183687234574068
-0.9183516483516485
-0.9183345817727846
-0.9183100349475788
-0.9182904916396302
-0.9182509980039919
-0.9182264903966074
-0.9182069825436407
-0.9181924707055598
-0.9181779661016948
-0.9181734363319213
-0.9181564524165422
-0.918117061021171
-0.9181000996015939
-0.9180806572068708
-0.9180587356893983
-0.9180467778054239
-0.9180298507462689
-0.9180079582193482
-0.9179786176031827
-0.9179443201590851
-0.9179150099403579
-0.9179031055900624
-0.9178763040238447
-0.9178519990067048
-0.9178401191658394
-0.9178257632166789
-0.9177866004962779
-0.9177722649466638
-0.9177529761904762
-0.9177237788246964
-0.9176945959345565
-0.9176753407682771
-0.9176486620416255
-0.9176195194451323
-0.9175928677563148
-0.9175736568457542
-0.9175569306930691
-0.9175327889136355
-0.91750123701138
-0.9174672273064556
-0.9174530168150347
-0.9174363411619284
-0.9174172021749879
-0.917395601680257
-0.9173666007905136
-0.9173450234625834
-0.9173234567901235
-0.9172969637126637
-0.9172778874629813
-0.9172563533185298
-0.9172200296003945
-0.9172108508014796
-0.9171942800788954
-0.9171826472763125
-0.9171611631345491
-0.9171421532397145
-0.9171059113300494
-0.9170869244028564
-0.9170654849827672
-0.9170539010583311
-0.9170374015748028
-0.9170209102091023
-0.916994589276931
-0.9169830341775267
-0.9169641101278269
-0.9169427377734084
-0.9169189189189189
-0.9169000245639889
-0.91688605108055
-0.9168548981095015
-0.9168286696121745
-0.9168220858895704
-0.9168179587831203
-0.9167942114299734
-0.9167680235409515
-0.9167492032360873
-0.9167254901960784
-0.9166993383974514
-0.916668299853013
-0.9166519715895173
-0.9166332027424093
-0.9166144430844553
-0.9165785609397945
-0.9165696109615851
-0.916545988258317
-0.9165272682807533
-0.9165036674816625
-0.916487411390858
-0.9164613880742913
-0.9164427070608359
-0.9164191499755746
-0.916393162393162
-0.9163720703125
-0.9163583109592384
-0.9163469985358718
-0.9163186142961693
-0.9163000000000001
-0.9162813947817606
-0.9162554851292054
-0.9162393370704361
-0.9162256335282649
-0.9162192448233861
-0.9162055528494882
-0.9161845629413199
-0.9161611489776049
-0.9161377464103189
-0.9161070559610707
-0.9160836779372417
-0.9160676070038908
-0.9160418186238757
-0.9160160427807484
-0.9159951397326858
-0.9159693877551023
-0.9159533641000729
-0.9159397765905779
-0.9159140568099049
-0.9158786407766989
-0.9158699344819219
-0.9158515283842799
-0.9158379820519039
-0.9158244422890395
-0.9157915151515152
-0.9157707222491517
-0.9157644778289311
-0.9157485465116276
-0.9157350448050378
-0.9157191283292977
-0.9157080610021785
-0.9156800580832528
-0.9156665860150014
-0.9156361877116599
-0.9155985489721887
-0.9155705996131528
-0.9155402465554752
-0.9155123247945869
-0.9155037448659097
-0.9155024154589373
-0.9154817676889647
-0.9154490584258812
-0.9154236060825487
-0.9154054054054054
-0.9153848009650182
-0.915369030390738
-0.9153339763684594
-0.9153158148505302
-0.9153000723065796
-0.9152674698795182
-0.9152397012768012
-0.915226396917148
-0.9152227305562242
-0.9151949927780452
-0.915184115523466
-0.9151660250240617
-0.9151359153235507
-0.91511063011063
-0.9150733349362825
-0.9150360576923078
-0.9150060081711128
-0.914985583853917
-0.9149723756906079
-0.9149567723342936
-0.9149363745498202
-0.9148991838694194
-0.9148716102711784
-0.9148512476007673
-0.9148404893259776
-0.9148201438848923
-0.9147926156796932
-0.9147627037392136
-0.9147399952072851
-0.9147244849065644
-0.9147017964071859
-0.9146623563218388
-0.91464448168542
-0.9146314025849689
-0.9146183297439576
-0.9145885167464116
-0.9145635015546523
-0.9145384983261603
-0.9145230695672961
-0.9145028680688337
-0.9144898446833929
-0.9144696607740088
-0.9144399331263436
-0.9144126074498565
-0.914406779661017
-0.9143914081145581
-0.9143569553805773
-0.9143344465648853
-0.9143167183400908
-0.9143037672866001
-0.9142860548271754
-0.9142707340324122
-0.914269716464141
-0.914247260600286
-0.914217670874018
-0.9141952380952381
-0.9141656748393241
-0.9141527843883864
-0.9141399000713777
-0.9141270218839197
-0.9141117717003572
-0.9140798858773179
-0.9140599001663897
-0.9140423003802282
-0.914027084818246
-0.914004750593824
-0.9139824269769652
-0.9139624881291545
-0.9139520531687634
-0.9139297579496914
-0.9138837485172008
-0.913859108159393
-0.9138439649039598
-0.9138454243717399
-0.9138255510784549
-0.9138033175355453
-0.9137810945273632
-0.913758882046423
-0.9137366800852476
-0.9137121212121211
-0.9136852071005919
-0.9136630383341227
-0.9136432458008042
-0.9136258278145692
-0.9136084180657363
-0.9135862884160756
-0.9135594422122435
-0.9135255198487708
-0.9135010630758333
-0.9134813415210202
-0.9134545454545453
-0.9134419263456093
-0.9134245928723159
-0.913400188768287
-0.9133734371313992
-0.9133584905660377
-0.9133482669181799
-0.9133309759547381
-0.9133113363186428
-0.9132752120640906
-0.9132414605418142
-0.9132218558643435
-0.9132022604191192
-0.9131803201506599
-0.9131630971993406
-0.9131411764705883
-0.9131333803810869
-0.9131185324553154
-0.9130895838231835
-0.9130724024447577
-0.9130575793184492
-0.9130380639097743
-0.9130162085976038
-0.9129943635509631
-0.9129772247006338
-0.9129624413145536
-0.9129359305327388
-0.9129094321914591
-0.9128852920478535
-0.912870544090056
-0.9128604923798359
-0.9128434130332862
-0.9128333723927817
-0.9128139643861295
-0.9127969079409702
-0.9127775175644026
-0.912769843128073
-0.9127621722846437
-0.9127474842031357
-0.9127328029948528
-0.9127111111111111
-0.9126917680074834
-0.9126794482113635
-0.9126694717157546
-0.9126548258939003
-0.9126495327102809
-0.912627890679748
-0.9126015880429706
-0.9125752976885364
-0.9125443510737634
-0.9125320886814471
-0.912524498366776
-0.9125169115931878
-0.9125
-0.912483096292842
-0.9124615384615384
-0.9124446515963645
-0.9124324324324325
-0.9124178895877012
-0.9123963670237536
-0.9123771827706639
-0.9123649906890131
-0.9123504770770304
-0.9123429502093997
-0.9123168178646196
-0.9122790697674418
-0.9122645896303189
-0.9122594142259417
-0.9122426214269109
-0.9122281598513008
-0.912206736353078
-0.9121830004644681
-0.9121708846064549
-0.9121518105849579
-0.9121211417962403
-0.9120997679814389
-0.912069125492925
-0.9120500927643782
-0.9120472988639002
-0.9120375521557716
-0.9120162224797217
-0.9119925857275252
-0.91198517488997
-0.911980083371931
-0.9119680481592961
-0.9119398148148149
-0.9119115945383014
-0.9119018972697823
-0.9118898912792042
-0.9118802035152637
-0.9118635838150289
-0.9118492834026817
-0.9118326785301596
-0.9118114602587799
-0.9117971817971816
-0.9117921478060049
-0.9117801893327179
-0.911763619575254
-0.9117493653357955
-0.911732810336871
-0.9117139561707036
-0.911699723247232
-0.9116878026285449
-0.9116712770862143
-0.9116501498041025
-0.9116221198156681
-0.911594102741304
-0.9115730078304929
-0.9115680405249827
-0.9115423572744012
-0.9115235903337171
-0.9115094339622644
-0.9114975845410628
-0.9114788408463664
-0.9114578063922743
-0.9114436781609199
-0.911436451390485
-0.911408547794118
-0.9113852515506548
-0.9113757464400553
-0.9113570608495984
-0.9113383838383836
-0.9113266008721597
-0.9113102340523178
-0.9112915806377611
-0.9112798165137614
-0.9112520064205463
-0.9112402567629527
-0.9112193444877376
-0.9111915673693859
-0.9111798396334473
-0.9111635364177737
-0.9111472406686513
-0.9111240842490838
-0.9111192492561223
-0.9111006864988564
-0.9110752688172045
-0.9110475754803293
-0.9110267550880405
-0.911010516689529
-0.9109851428571427
-0.9109574954296158
-0.9109504226639248
-0.9109342165372314
-0.9109134505594882
-0.91089497716895
-0.9108742296279391
-0.9108397991784573
-0.9108099475245265
-0.9107892335766425
-0.9107730900798174
-0.9107432740538073
-0.9107203100068382
-0.9107087511394708
-0.910694919115972
-0.9106742596810933
-0.9106672739694828
-0.9106534608378873
-0.910628272251309
-0.9106144742831132
-0.9105961319681453
-0.9105618744313009
-0.9105367295883561
-0.9105275125056839
-0.9105182996135486
-0.9104954545454548
-0.9104748920699841
-0.9104452521581102
-0.910420168067227
-0.9104132606721165
-0.910397275822929
-0.9103858374943258
-0.9103698661220783
-0.9103402903811255
-0.9103198004082559
-0.9103174603174602
-0.9103083201088188
-0.9102833182230278
-0.9102583276682532
-0.9102401449932036
-0.910233295583239
-0.9102128623188404
-0.9101992302467744
-0.9101969216840196
-0.9101855623444216
-0.910167420814479
-0.910149287491518
-0.9101402080506559
-0.9101333936242372
-0.9101198010849904
-0.9101039548022603
-0.9100813375508363
-0.9100632482493787
-0.9100564588979222
-0.9100587039963873
-0.9100428893905196
-0.9100270819228169
-0.9100045126353795
-0.9099932325738778
-0.909975191700496
-0.9099571589627965
-0.9099413886384131
-0.9099278791976563
-0.9099143758449751
-0.9098963730569948
-0.9098761261261261
-0.90987165052916
-0.9098626744709591
-0.9098401980643712
-0.9098199819981996
-0.9097975253093361
-0.9097840755735489
-0.9097683831796723
-0.9097504496402877
-0.9097437626432908
-0.9097213483146068
-0.9097011907436533
-0.9096855345911947
-0.9096721311475409
-0.9096452626852266
-0.9096386083052748
-0.9096274685816872
-0.909605115548575
-0.9095872588604754
-0.909569410181655
-0.9095470852017934
-0.9095292535305984
-0.9095181532944866
-0.9095070580327134
-0.9094847670250894
-0.909453527435611
-0.909433497536946
-0.9094224311618536
-0.9094136078782455
-0.909393600358022
-0.9093713646532435
-0.9093603220755986
-0.909340339892665
-0.9093337804605411
-0.9093182834152883
-0.9092938547486036
-0.9092873100983018
-0.90927853473308
-0.9092585975882091
-0.9092342040634073
-0.9092053571428577
-0.9091876813211331
-0.9091744756805
-0.9091545839839397
-0.9091347011596791
-0.909121516164994
-0.9091083370485957
-0.9090951638065525
-0.9090909090909096
-0.9090732902650926
-0.9090512249443211
-0.9090291694500113
-0.9090048975957256
-0.908982862230136
-0.9089719626168221
-0.9089432703003336
-0.9089279359430606
-0.9089081609962197
-0.9088972876834143
-0.9088753056234715
-0.9088555555555554
-0.9088313708064877
-0.9088138605064412
-0.9087896957583831
-0.908767761989343
-0.9087591564927855
-0.9087394584997781
-0.9087219880186376
-0.9087023070097602
-0.9086848525171877
-0.9086718403547672
-0.9086544003546887
-0.9086303191489364
-0.9086040327941497
-0.9085866194062919
-0.9085780730897008
-0.9085651018600529
-0.9085344255036528
-0.9084971226206284
-0.9084952423102455
-0.9084867256637171
-0.908471577084716
-0.9084498009730209
-0.9084302454123364
-0.9084018567639259
-0.9083823204419887
-0.908365002209457
-0.9083499005964215
-0.9083281802120144
-0.908302053433429
-0.9082958057395145
-0.9082851467667181
-0.9082634598411297
-0.9082638429296273
-0.908253198059109
-0.9082425578831314
-0.9082208994708992
-0.9082124752038792
-0.9081886293521372
-0.9081647940074908
-0.9081629955947135
-0.9081501871834396
-0.9081329810656102
-0.9081091789566367
-0.9080875880281689
-0.9080748074807481
-0.9080532336119663
-0.9080250714756981
-0.9079969217238344
-0.9079753792042209
-0.9079516483516485
-0.9079323225664692
-0.907915202108963
-0.9078958928179227
-0.9078765920070269
-0.9078594950603731
-0.9078380158033361
-0.9078209348255427
-0.9078082492321191
-0.9077648607150689
-0.9077456140350878
-0.907728568296426
-0.9077224901359051
-0.9077142230988386
-0.9076862401402279
-0.9076692223439211
-0.9076434515987739
-0.9076242610028464
-0.9076116462346759
-0.9076143576274899
-0.9075951859956233
-0.9075607088164515
-0.9075437445319332
-0.90753116116335
-0.9075207695671185
-0.9075147540983609
-0.9075043706293706
-0.9074743281625517
-0.9074421144604632
-0.907414282594453
-0.9074104803493445
-0.9074066797642434
-0.9073897861195985
-0.9073488981016804
-0.907318935427574
-0.9073195201744818
-0.9073048408198869
-0.907281447569217
-0.9072602441150828
-0.9072390499019396
-0.907226579520697
-0.9072097582226096
-0.9071951219512191
-0.9071761376006968
-0.9071593382673051
-0.9071468988030464
-0.9071279373368144
-0.9071133347835543
-0.9070900391474553
-0.90708632311372
-0.9070760869565219
-0.9070571614866337
-0.9070425901781833
-0.9070410601781443
-0.9070178105994786
-0.9069837133550493
-0.9069604863221885
-0.9069416105925764
-0.9069227430555558
-0.9069082230418742
-0.9068958785249466
-0.9068857080893515
-0.9068668690372942
-0.9068502059397353
-0.9068335500650196
-0.9068190682556877
-0.9068045927209706
-0.9067966211825859
-0.9067843222174099
-0.9067676986360681
-0.9067532467532469
-0.906725816922744
-0.9067113803548246
-0.9067034393251135
-0.906691176470588
-0.9066594594594589
-0.906636402939904
-0.9066133563864273
-0.9065924805531546
-0.9065651328580686
-0.906546436285097
-0.9065385445908007
-0.9065220207253882
-0.9065011871357652
-0.9064760466119983
-0.906459546925566
-0.9064516824849005
-0.9064351951692909
-0.9064230271668824
-0.906406553136452
-0.9063836206896552
-0.9063671622495147
-0.9063464024127531
-0.9063321128580659
-0.9063135228251511
-0.9062949407965556
-0.9062806715454157
-0.9062599526576285
-0.90624569707401
-0.90622929662293
-0.9062107526881722
-0.9061900666523328
-0.9061693895098882
-0.9061573178594458
-0.9061409540180491
-0.9061138560687428
-0.9061039518900341
-0.9060940519647843
-0.9060734220695579
-0.9060549474136086
-0.9060386266094419
-0.9060244582707578
-0.9060060060060063
-0.9059875616555862
-0.9059777015437394
-0.9059657020364419
-0.9059451350192884
-0.9059181487036642
-0.905901885175664
-0.9058834868280143
-0.9058693790149891
-0.9058531363733677
-0.9058283390410957
-0.905797132463086
-0.9057787762088148
-0.9057561497326205
-0.9057185628742513
-0.9057002351935002
-0.9056883283454469
-0.9056742893780718
-0.9056666666666662
-0.9056462294381548
-0.9056193934216149
-0.9056075165492206
-0.9055999146029033
-0.9055837780149416
-0.905565514297909
-0.9055515254960531
-0.9055311433447101
-0.9055193004905097
-0.9054968017057569
-0.9054721807716903
-0.9054624893435634
-0.9054357553803541
-0.9054175543246699
-0.9053972310969116
-0.9053769165247015
-0.9053523525654673
-0.9053341847594726
-0.9053202809108315
-0.9053063829787231
-0.9052967453733247
-0.9052786048490001
-0.9052668509462045
-0.9052593537414962
-0.9052476089266736
-0.9052209944751383
-0.905200764818356
-0.9051869158878505
-0.9051645784667659
-0.905150743099788
-0.9051390362980257
-0.9051230899830226
-0.9051113940165504
-0.9050954603309291
-0.9050880169671265
-0.9050699745547074
-0.9050561797752809
-0.9050466299279356
-0.905034965034965
-0.9050275423728816
-0.9050116500741366
-0.9049809402795431
-0.904958712682617
-0.9049513124470788
-0.9049417989417988
-0.904923825645366
-0.904905859953459
-0.9048900169204737
-0.9048805244237681
-0.9048668076109934
-0.904842528006764
-0.9048119188503803
-0.9048024508768223
-0.9048056611744829
-0.9048004223864836
-0.9047782939189187
-0.9047435085497153
-0.9047129590544535
-0.904684532601815
-0.9046729957805906
-0.9046614638261972
-0.9046436102910164
-0.9046299810246681
-0.9046205733558181
-0.9045985247629086
-0.9045933417614836
-0.9045902675373918
-0.9045766638584672
-0.9045567487892189
-0.9045368421052629
-0.904514838981267
-0.9044928451178449
-0.9044708605091517
-0.9044509886411441
-0.9044311251314407
-0.9044070647603032
-0.9043935253310912
-0.9043841950399327
-0.9043790712334521
-0.9043529411764705
-0.9043373240915771
-0.9043259134817305
-0.9043145076632375
-0.9042989084802692
-0.9042728226652669
-0.9042656315568612
-0.9042563457100904
-0.9042407718120806
-0.9042021388131687
-0.9041761006289306
-0.9041668413330538
-0.9041554903604362
-0.9041336685522733
-0.904124423963134
-0.9041047120418851
-0.9040996649916255
-0.9040883399623196
-0.9040728338216829
-0.9040677966101691
-0.9040502092050208
-0.9040389039949805
-0.9040234211626932
-0.9040058540664855
-0.9039903846153848
-0.9039791013584118
-0.9039636439615544
-0.9039523710048049
-0.9039327485380122
-0.9039152223846315
-0.9039018789144047
-0.9038885410144019
-0.9038793823038396
-0.9038493636553308
-0.9038318731748022
-0.9038164754953073
-0.9037989991659715
-0.9037794454867624
-0.9037515631513128
-0.9037257762033755
-0.9037083333333337
-0.9036929806290356
-0.9036797167846732
-0.9036560483031438
-0.9036448792672772
-0.9036357960457857
-0.903622555139409
-0.9036051591429163
-0.9035752911813647
-0.903566229985444
-0.9035571725571723
-0.903546040324257
-0.9035224438902744
-0.9035050903802202
-0.9035002077274616
-0.9034849428868122
-0.9034655315614617
-0.9034315964293131
-0.9034163553341638
-0.9033948952064744
-0.9033796680497921
-0.9033706699854795
-0.9033575279966817
-0.9033381712626992
-0.9033250414593698
-0.9033202072538858
-0.9033050145047661
-0.9032939714108145
-0.903272576636288
-0.9032553323669497
-0.9032422360248452
-0.9032415648933966
-0.9032264072847682
-0.903211255948686
-0.9032002482416219
-0.9031830403309207
-0.9031658395368073
-0.903148645854869
-0.9031355932203391
-0.903116346352552
-0.9031033057851243
-0.9030861392274322
-0.903079306071871
-0.9030662812306421
-0.9030408753096613
-0.9030257997936018
-0.9030148576145275
-0.9029977305549824
-0.9029867986798682
-0.902963497628377
-0.9029443298969071
-0.9029251700680273
-0.9029101401483922
-0.9029074799093345
-0.9028883395138029
-0.9028671472708547
-0.902841845140033
-0.9028227300802963
-0.9028077398106216
-0.9027927557110512
-0.902775720164609
-0.9027586916272367
-0.9027396133278485
-0.9027308245938725
-0.9027199835526315
-0.9026947584789313
-0.9026633785450062
-0.9026463940825977
-0.9026499589153658
-0.902632984185664
-0.9026242299794661
-0.9026072675015397
-0.9025903119868637
-0.9025754155550991
-0.9025584735330326
-0.902545641025641
-0.9025307629204268
-0.9025220422390818
-0.9025051250512506
-0.9024923139987707
-0.902479508196721
-0.9024605613603772
-0.902449815649324
-0.9024329305754657
-0.90240990990991
-0.9023971340839303
-0.9023802701596401
-0.9023572744014734
-0.9023342880523733
-0.9023215381468609
-0.9023190184049078
-0.9023042322633404
-0.9022792313982017
-0.9022685469037394
-0.902261953412342
-0.9022512768130746
-0.9022303921568628
-0.9022115580967935
-0.9021968150265413
-0.9021882016738111
-0.9021734693877551
-0.9021587431136503
-0.9021460628314979
-0.9021395064246382
-0.9021268352365415
-0.9020998980632003
-0.9020852017937219
-0.9020766252292641
-0.9020660146699264
-0.9020431859849254
-0.9020285132382894
-0.9020240276929344
-0.9020154723127036
-0.9019967433340118
-0.9019759869759872
-0.9019654120040695
-0.9019507729861678
-0.901954443766524
-0.9019459129727526
-0.9019170563122585
-0.9019044715447153
-0.901893923999187
-0.90187931735067
-0.9018606540727192
-0.9018419983753045
-0.9018213197969546
-0.9018229801055624
-0.9018023137812052
-0.901787743506493
-0.9017630350983973
-0.9017444219066941
-0.9017319002230783
-0.9017315490673156
-0.9017149807419422
-0.9016903121199842
-0.9016737588652481
-0.9016612641815236
-0.9016589021673078
-0.9016443904414743
-0.9016177363838831
-0.9015870445344132
-0.901570532280915
-0.9015681910157833
-0.9015537123204532
-0.9015230582524276
-0.9015005055611729
-0.9014921148402749
-0.9014857489387499
-0.9014733225545677
-0.901444736310366
-0.9014282828282824
-0.9014300141385574
-0.9014196284329564
-0.9013991520290732
-0.9013807024626567
-0.9013743693239149
-0.9013720742534298
-0.9013556586645147
-0.9013271480435663
-0.9013087315991125
-0.9013044354838712
-0.9012940939326752
-0.9012857718661829
-0.901259318960306
-0.9012369057211927
-0.9012366565961729
-0.9012283527990335
-0.9012200523454803
-0.9012037037037036
-0.9011933990742608
-0.9011830985915493
-0.9011728022530676
-0.901168543845535
-0.9011542328574299
-0.9011379171692804
-0.9011256281407038
-0.9011193729903536
-0.9011171388386576
-0.90111088790679
-0.9010966057441254
-0.9010763052208834
-0.9010600281068057
-0.9010397430750703
-0.9010214730082277
-0.9010012038523268
-0.9009909729187565
-0.9009927797833934
-0.9009805494285148
-0.9009582999198078
-0.9009380637402283
-0.9009238476953911
-0.9009156481667001
-0.9009214743589743
-0.9009112757861008
-0.9008890668802562
-0.9008708708708706
-0.9008526821457167
-0.9008425055033018
-0.9008303321328539
-0.9008141628325668
-0.9007980000000002
