-1.0
-1.0
-1.0
-1.0
-1.0
-1.0
-1.0
-1.0
-1.0
-1.0
-1.0
-1.0
-1.0
-1.0
-1.0
-1.0
-1.0
-1.0
-1.0
-1.0
-1.0
-1.0
-1.0
-1.0
-1.0
-1.0
-1.0
-1.0
-1.0
-1.0
-1.0
-1.0
-1.0
-1.0
-1.0
-1.0
-1.0
-1.0
-1.0
-1.0
-1.0
-1.0
-1.0
-1.0
-1.0
-1.0
-1.0
-1.0
-1.0
-1.0
-1.0
-1.0
-1.0
-1.0
-1.0
-1.0
-1.0
-1.0
-1.0
-1.0
-1.0
-1.0
-1.0
-1.0
-1.0
-1.0
-1.0
-1.0
-1.0
-1.0
-1.0
-1.0
-1.0
-1.0
-1.0
-1.0
-1.0
-1.0
-1.0
-1.0
-1.0
-1.0
-1.0
-1.0
-1.0
-1.0
-1.0
-1.0
-1.0
-1.0
-1.0
-1.0
-1.0
-1.0
-1.0
-1.0
-1.0
-1.0
-1.0
-1.0
-1.0
-1.0
-1.0
-1.0
-1.0
-1.0
-1.0
-1.0
-1.0
-1.0
-1.0
-1.0
-1.0
-1.0
-1.0
-1.0
-1.0
-1.0
-1.0
-1.0
-1.0
-1.0
-1.0
-1.0
-1.0
-1.0
-1.0
-1.0
-1.0
-1.0
-1.0
-1.0
-1.0
-1.0
-1.0
-1.0
-1.0
-1.0
-1.0
-1.0
-1.0
-1.0
-1.0
-1.0
-1.0
-1.0
-1.0
-1.0
-1.0
-1.0
-1.0
-1.0
-1.0
-1.0
-1.0
-1.0
-1.0
-1.0
-1.0
-1.0
-1.0
-1.0
-1.0
-1.0
-1.0
-1.0
-1.0
-1.0
-1.0
-1.0
-1.0
-1.0
-1.0
-1.0
-1.0
-1.0
-1.0
-1.0
-1.0
-1.0
-1.0
-1.0
-1.0
-1.0
-1.0
-1.0
-1.0
-1.0
-1.0
-1.0
-1.0
-1.0
-1.0
-1.0
-1.0
-1.0
-1.0
-1.0
-1.0
-1.0
-1.0
-1.0
-1.0
-1.0
-1.0
-1.0
-1.0
-1.0
-1.0
-1.0
-1.0
-1.0
-1.0
-1.0
-1.0
-1.0
-1.0
-1.0
-1.0
-1.0
-1.0
-1.0
-1.0
-1.0
-1.0
-1.0
-1.0
-1.0
-1.0
-1.0
-1.0
-1.0
-1.0
-1.0
-1.0
-1.0
-1.0
-1.0
-1.0
-1.0
-1.0
-1.0
-1.0
-1.0
-1.0
-1.0
-1.0
-1.0
-1.0
-1.0
-1.0
-1.0
-1.0
-1.0
-1.0
-1.0
-1.0
-1.0
-1.0
-1.0
-1.0
-1.0
-1.0
-1.0
-1.0
-1.0
-1.0
-1.0
-1.0
-1.0
-1.0
-1.0
-1.0
-1.0
-1.0
-1.0
-1.0
-1.0
-1.0
-1.0
-1.0
-1.0
-1.0
-1.0
-1.0
-1.0
-1.0
-1.0
-1.0
-1.0
-1.0
-1.0
-1.0
-1.0
-1.0
-1.0
-1.0
-1.0
-1.0
-1.0
-1.0
-1.0
-1.0
-1.0
-1.0
-1.0
-1.0
-1.0
-1.0
-1.0
-1.0
-1.0
-1.0
-1.0
-1.0
-1.0
-1.0
-1.0
-1.0
-1.0
-1.0
-1.0
-1.0
-1.0
-1.0
-1.0
-1.0
-1.0
-1.0
-1.0
-1.0
-1.0
-1.0
-1.0
-1.0
-1.0
-1.0
-1.0
-1.0
-1.0
-1.0
-1.0
-1.0
-1.0
-1.0
-1.0
-1.0
-1.0
-1.0
-1.0
-1.0
-1.0
-1.0
-1.0
-1.0
-1.0
-1.0
-1.0
-1.0
-1.0
-1.0
-1.0
-1.0
-1.0
-1.0
-1.0
-1.0
-1.0
-1.0
-1.0
-1.0
-1.0
-1.0
-1.0
-1.0
-1.0
-1.0
-1.0
-1.0
-1.0
-1.0
-1.0
-1.0
-1.0
-1.0
-1.0
-1.0
-1.0
-1.0
-1.0
-1.0
-1.0
-1.0
-1.0
-1.0
-1.0
-1.0
-1.0
-1.0
-1.0
-1.0
-1.0
-1.0
-1.0
-1.0
-1.0
-1.0
-1.0
-1.0
-1.0
-1.0
-1.0
-1.0
-1.0
-1.0
-1.0
-1.0
-1.0
-1.0
-1.0
-1.0
-1.0
-1.0
-1.0
-1.0
-1.0
-1.0
-1.0
-1.0
-1.0
-1.0
-1.0
-1.0
-1.0
-1.0
-1.0
-1.0
-1.0
-1.0
-1.0
-1.0
-1.0
-1.0
-1.0
-1.0
-1.0
-1.0
-1.0
-1.0
-1.0
-1.0
-1.0
-1.0
-1.0
-1.0
-1.0
-1.0
-1.0
-1.0
-1.0
-1.0
-1.0
-1.0
-1.0
-1.0
-1.0
-1.0
-1.0
-1.0
-1.0
-1.0
-1.0
-1.0
-1.0
-0.9999789473684211
-0.9999579831932773
-0.9999371069182391
-0.9999372384937238
-0.9999373695198329
-0.9999375
-0.99993762993763
-0.9999377593360995
-0.9999378881987577
-0.9999380165289256
-0.9999381443298969
-0.9999382716049382
-0.9999383983572895
-0.999938524590164
-0.9999386503067484
-0.999938775510204
-0.9999389002036659
-0.999939024390244
-0.9999391480730223
-0.9999392712550608
-0.999939393939394
-0.9999395161290323
-0.9999396378269617
-0.9999397590361445
-0.9999398797595191
-0.99994
-0.9999201596806386
-0.9999003984063745
-0.9998807157057654
-0.9998809523809524
-0.9998811881188118
-0.9998814229249012
-0.9998816568047337
-0.9998818897637796
-0.9998821218074656
-0.9998823529411764
-0.9998825831702544
-0.9998828125
-0.9998830409356725
-0.9998832684824903
-0.9998834951456311
-0.9998837209302326
-0.9998839458413926
-0.9998648648648648
-0.9998651252408479
-0.9998653846153845
-0.9998656429942417
-0.9998659003831417
-0.9998661567877629
-0.9998664122137404
-0.9998666666666667
-0.9998669201520913
-0.9998671726755218
-0.9998674242424243
-0.999867674858223
-0.9998679245283019
-0.9998681732580037
-0.9998684210526315
-0.9998686679174484
-0.999868913857678
-0.9998691588785047
-0.9998694029850747
-0.9998696461824953
-0.9998698884758365
-0.9998701298701299
-0.9998518518518519
-0.9998336414048059
-0.9998154981549816
-0.9998158379373849
-0.9998161764705883
-0.9998165137614679
-0.9998168498168498
-0.999798903107861
-0.9997810218978103
-0.9997632058287796
-0.9997636363636364
-0.9997640653357532
-0.9997644927536231
-0.9997649186256781
-0.9997653429602888
-0.9997657657657658
-0.9997661870503596
-0.9997666068222623
-0.9997670250896058
-0.9997674418604652
-0.9997678571428572
-0.9997682709447416
-0.9997686832740214
-0.9997690941385435
-0.9997695035460993
-0.9997699115044247
-0.9997526501766785
-0.9997530864197531
-0.9997535211267605
-0.9997539543057996
-0.9997368421052631
-0.9997197898423817
-0.9997027972027972
-0.9997033158813263
-0.9996864111498257
-0.9996695652173914
-0.9996701388888889
-0.9996707105719237
-0.9996712802768166
-0.9996718480138169
-0.9996724137931033
-0.9996729776247849
-0.9996735395189004
-0.9996740994854201
-0.9996746575342467
-0.9996752136752137
-0.9996757679180887
-0.9996763202725724
-0.9996768707482994
-0.9996774193548387
-0.9996779661016949
-0.999678510998308
-0.999679054054054
-0.9996795952782462
-0.9996801346801347
-0.9996806722689076
-0.9996812080536912
-0.9996817420435511
-0.9996655518394648
-0.9996494156928215
-0.9996499999999999
-0.9996505823627289
-0.9996511627906978
-0.9996517412935323
-0.9996523178807947
-0.9996528925619834
-0.9996534653465347
-0.9996540362438221
-0.9996546052631579
-0.9996551724137932
-0.999655737704918
-0.999656301145663
-0.999656862745098
-0.999657422512235
-0.9996579804560262
-0.9996585365853657
-0.999642857142857
-0.9996272285251215
-0.9996116504854369
-0.9996122778675283
-0.9996129032258064
-0.9996135265700484
-0.9996141479099678
-0.9996147672552166
-0.9996153846153847
-0.9996160000000001
-0.9996166134185303
-0.9996012759170654
-0.9995859872611464
-0.9995866454689984
-0.9995873015873016
-0.9995721077654517
-0.9995569620253165
-0.9995576619273301
-0.999558359621451
-0.9995590551181103
-0.999559748427673
-0.9995604395604396
-0.9995611285266459
-0.9995618153364632
-0.9995625
-0.9995475819032761
-0.9995482866043615
-0.9995489891135303
-0.9995496894409938
-0.9995503875968993
-0.9995356037151703
-0.9995208655332303
-0.9995061728395062
-0.9994761171032357
-0.9994461538461539
-0.999431643625192
-0.9994325153374234
-0.9994180704441041
-0.9994036697247707
-0.9993740458015266
-0.999344512195122
-0.9992998477929984
-0.9992705167173251
-0.9992716236722308
-0.9992727272727272
-0.9992738275340391
-0.9992749244712991
-0.9992760180995475
-0.999262048192771
-0.9992481203007518
-0.9992342342342342
-0.9992203898050975
-0.9992065868263472
-0.9991928251121077
-0.999179104477612
-0.9991654247391952
-0.9991666666666665
-0.9991679049034176
-0.999139465875371
-0.9991407407407408
-0.9991420118343194
-0.9991432791728214
-0.9991297935103244
-0.9991163475699558
-0.9991029411764706
-0.9990895741556534
-0.9990762463343108
-0.9990629575402636
-0.9990497076023394
-0.9990364963503651
-0.9990233236151604
-0.99901018922853
-0.9989970930232559
-0.9989840348330914
-0.9989710144927537
-0.9989290882778582
-0.9989017341040463
-0.9988600288600289
-0.9988472622478386
-0.9988345323741007
-0.9988218390804597
-0.9988091822094691
-0.998810888252149
-0.9987839771101572
-0.9987571428571428
-0.9987303851640513
-0.9987037037037038
-0.9986628733997155
-0.9986505681818181
-0.9986382978723405
-0.9986260623229462
-0.9986280056577086
-0.9986158192090396
-0.9986036671368123
-0.9985915492957749
-0.9985654008438819
-0.9985252808988763
-0.9984992987377279
-0.9984873949579831
-0.9984755244755243
-0.9984497206703911
-0.9984239888423988
-0.9983844011142061
-0.9983588317107093
-0.9983333333333334
-0.9983217753120667
-0.9983240997229916
-0.9983125864453665
-0.9983149171270719
-0.9983034482758621
-0.9982644628099173
-0.9982255845942227
-0.9982142857142857
-0.9982030178326476
-0.9981917808219178
-0.9981942544459643
-0.9981967213114754
-0.998199181446112
-0.9982016348773842
-0.9981904761904761
-0.9981793478260869
-0.9981818181818183
-0.9981707317073171
-0.9981461434370772
-0.9981351351351351
-0.9981376518218623
-0.9981401617250673
-0.99814266487214
-0.9981317204301073
-0.9981208053691275
-0.9981233243967829
-0.9981124497991969
-0.9981016042780747
-0.9980774365821093
-0.9980533333333333
-0.9980292942743009
-0.9980186170212768
-0.9979946879150065
-0.9979840848806364
-0.9979867549668875
-0.9979894179894182
-0.997992073976222
-0.997994722955145
-0.99798418972332
-0.9979736842105266
-0.9979632063074904
-0.9979658792650921
-0.9979685452162518
-0.9979712041884816
-0.9979738562091504
-0.9979765013054831
-0.9979791395045632
-0.9979687500000002
-0.9979583875162548
-0.9979480519480518
-0.9979507133592738
-0.9979533678756478
-0.9979560155239328
-0.9979586563307495
-0.997948387096774
-0.9979252577319586
-0.9979150579150581
-0.997917737789203
-0.9979204107830555
-0.9979102564102565
-0.9979001280409733
-0.9978900255754476
-0.9978799489144317
-0.9978826530612247
-0.9978853503184714
-0.9978880407124683
-0.9978907242693772
-0.9978807106598983
-0.9978580481622309
-0.9978481012658227
-0.9978381795195953
-0.997828282828283
-0.9978184110970995
-0.9977959697732998
-0.9977735849056603
-0.9977763819095476
-0.997754077791719
-0.9977318295739349
-0.9977221526908635
-0.9977125
-0.9977153558052433
-0.9977182044887779
-0.9977210460772103
-0.9977238805970149
-0.9977142857142858
-0.9977047146401986
-0.9976951672862452
-0.9976980198019801
-0.9976885043263288
-0.9976790123456789
-0.9976818742293466
-0.9976847290640394
-0.9976875768757688
-0.9976904176904179
-0.9976809815950921
-0.9976470588235293
-0.9976499388004896
-0.9976528117359412
-0.9976556776556776
-0.9976463414634145
-0.9976370280146163
-0.9976277372262773
-0.9976063183475091
-0.9975970873786406
-0.9975999999999999
-0.9975907990314771
-0.9975816203143892
-0.9975845410628018
-0.9975753920386006
-0.9975783132530119
-0.9975571600481347
-0.9975240384615384
-0.9975030012004802
-0.9974820143884894
-0.9974850299401197
-0.997488038277512
-0.997479091995221
-0.9974701670644391
-0.997449344457688
-0.9974166666666665
-0.9973840665873959
-0.9973277909738718
-0.9972835112692764
-0.9972630331753556
-0.9972662721893493
-0.9972695035460994
-0.9972727272727272
-0.9972759433962266
-0.9972673733804477
-0.997270588235294
-0.9972620446533491
-0.9972535211267606
-0.9972450175849943
-0.9972365339578455
-0.9972397660818715
-0.9972429906542055
-0.9972462077012837
-0.9972494172494173
-0.9972409778812574
-0.9972325581395348
-0.9972357723577235
-0.9972273781902552
-0.9972190034762457
-0.9972106481481482
-0.9972023121387283
-0.9971939953810623
-0.9971741637831603
-0.9971658986175114
-0.9971691599539702
-0.9971609195402299
-0.9971412169919632
-0.9971215596330275
-0.9971134020618555
-0.9971052631578948
-0.9970971428571428
-0.9970890410958906
-0.9970809578107184
-0.9970728929384964
-0.9970762229806599
-0.9970681818181818
-0.9970601589103292
-0.9970521541950113
-0.9970441676104191
-0.9970361990950226
-0.997039548022599
-0.9970316027088034
-0.9970349492671928
-0.9970382882882884
-0.9970191226096737
-0.9969887640449439
-0.9969696969696968
-0.9969618834080717
-0.9969652855543113
-0.996957494407159
-0.996949720670391
-0.9969419642857145
-0.9969342251950947
-0.9969153674832962
-0.9969076751946608
-0.9969
-0.9968701442841288
-0.9968403547671839
-0.9968217054263566
-0.996825221238938
-0.996817679558011
-0.9968101545253865
-0.9968026460859979
-0.996795154185022
-0.9967876787678768
-0.9967912087912087
-0.9967947310647639
-0.9967872807017544
-0.9967579408543266
-0.9967286652078776
-0.9966994535519126
-0.9966703056768559
-0.9966739367502727
-0.996677559912854
-0.996670293797606
-0.9966413043478259
-0.996601520086862
-0.996583514099783
-0.9965655471289274
-0.9965584415584415
-0.9965513513513514
-0.9965550755939525
-0.9965372168284791
-0.9965301724137933
-0.9965231431646931
-0.9965161290322583
-0.9965091299677767
-0.9965021459227467
-0.9964844587352627
-0.996477516059957
-0.9964598930481285
-0.9964423076923076
-0.9964247598719317
-0.996417910447761
-0.9964004259850903
-0.9963936170212766
-0.9963868225292244
-0.996348195329087
-0.996320254506893
-0.9963029661016951
-0.9962857142857143
-0.9962579281183932
-0.9962407602956707
-0.9962341772151899
-0.9962170706006322
-0.9962000000000002
-0.9961619348054681
-0.9961344537815127
-0.9961070304302204
-0.9960796645702306
-0.9960523560209426
-0.9960355648535564
-0.9960083594566354
-0.9960020876826722
-0.9960062565172053
-0.996
-0.995993756503642
-0.9959875259875259
-0.9959813084112149
-0.9959439834024897
-0.9959170984455958
-0.9959109730848862
-0.9959048603929681
-0.995909090909091
-0.9959029927760575
-0.9958865979381443
-0.995859938208033
-0.9958539094650208
-0.9958376156217881
-0.9958213552361396
-0.9958153846153849
-0.9957889344262294
-0.995783009211873
-0.9957873210633946
-0.995791624106231
-0.9957959183673468
-0.9957900101936801
-0.9957739307535642
-0.9957477110885047
-0.9957215447154472
-0.9957055837563452
-0.9956896551724135
-0.9956737588652483
-0.9956376518218623
-0.9956218402426694
-0.9955959595959597
-0.995580221997982
-0.9955745967741936
-0.9955790533736153
-0.9955835010060362
-0.9955879396984925
-0.9955722891566264
-0.9955466399197593
-0.9955110220440883
-0.9954854854854857
-0.9954899999999998
-0.9954845154845156
-0.995489021956088
-0.9954935194416749
-0.9954980079681276
-0.9954925373134329
-0.9954771371769384
-0.9954716981132076
-0.9954563492063493
-0.9954311199207136
-0.9954059405940595
-0.9953907022749755
-0.9953656126482214
-0.9953307008884501
-0.9953155818540435
-0.9953004926108373
-0.9952755905511812
-0.9952704031465093
-0.9952750491159135
-0.9952698724239452
-0.9952745098039216
-0.9952399608227229
-0.9952152641878669
-0.995210166177908
-0.995205078125
-0.9952097560975609
-0.9951949317738792
-0.9951898734177216
-0.9951945525291829
-0.9951895043731779
-0.9951844660194173
-0.9951891367604268
-0.9951937984496125
-0.9951694094869314
-0.9951353965183753
-0.9950821256038651
-0.9950675675675674
-0.995053037608486
-0.995028901734104
-0.9950144369586141
-0.9950192307692306
-0.9950240153698366
-0.9950191938579651
-0.9950047938638541
-0.9949904214559387
-0.9949569377990428
-0.994961759082218
-0.9949570200573067
-0.994942748091603
-0.994928503336511
-0.994895238095238
-0.9948525214081827
-0.9948288973384029
-0.994824311490978
-0.9948197343453512
-0.9948056872037918
-0.9947821969696972
-0.9947682119205298
-0.9947448015122875
-0.9947308781869691
-0.9947264150943398
-0.9947219604147033
-0.9947080979284368
-0.9946942615239888
-0.9946898496240602
-0.9946666666666666
-0.9946435272045026
-0.9946298031865041
-0.994616104868914
-0.9946117867165579
-0.9946074766355143
-0.9946031746031748
-0.994598880597015
-0.9945945945945948
-0.9945810055865926
-0.9945767441860468
-0.9945817843866167
-0.9945775301764157
-0.99456400742115
-0.9945505097312326
-0.9945185185185185
-0.9944773358001853
-0.9944639556377077
-0.994459833795014
-0.9944557195571956
-0.9944239631336407
-0.9943922651933701
-0.994369825206992
-0.9943566176470588
-0.9943526170798895
-0.9943394495412844
-0.9943171402383133
-0.9943040293040292
-0.9942817932296429
-0.9942870201096891
-0.9942922374429222
-0.9942883211678835
-0.9942752962625342
-0.9942440801457195
-0.9942129208371245
-0.994218181818182
-0.994223433242507
-0.9942196007259528
-0.9942067089755211
-0.9941757246376808
-0.9941538461538458
-0.9941500904159135
-0.994137308039747
-0.9941335740072204
-0.9941208295761947
-0.9940990990990989
-0.9940774077407739
-0.9940647482014391
-0.9940610961365676
-0.9940664272890484
-0.9940717488789238
-0.994068100358423
-0.9940644583706357
-0.9940608228980322
-0.994048257372654
-0.9940357142857139
-0.994014272970562
-0.9939839572192514
-0.9939626001780946
-0.9939590747330962
-0.9939555555555554
-0.9939431616341026
-0.9939219165927239
-0.9938918439716312
-0.9938883968113373
-0.9938761061946901
-0.9938638373121133
-0.9938162544169614
-0.9937952338923209
-0.9937742504409174
-0.9937621145374448
-0.9937411971830984
-0.9937291116974492
-0.9937170474516697
-0.993687445127305
-0.9936578947368422
-0.993654688869412
-0.9936339754816117
-0.993613298337708
-0.9936101398601401
-0.9935982532751091
-0.9935951134380453
-0.9935919790758503
-0.9935888501742156
-0.9935857267188858
-0.9935565217391309
-0.9935273675065155
-0.993506944444444
-0.9934952298352125
-0.993483535528596
-0.9934632034632035
-0.993451557093425
-0.993439930855661
-0.9934196891191711
-0.9934253666954276
-0.9934224137931033
-0.9934108527131786
-0.9933993115318412
-0.9933791917454855
-0.9933591065292098
-0.9933476394849786
-0.993353344768439
-0.9933504712939155
-0.9933476027397257
-0.9933361847733102
-0.9933247863247859
-0.9933134073441505
-0.9933020477815699
-0.9932992327365724
-0.9932793867120955
-0.9932510638297875
-0.993231292517007
-0.9932115548003404
-0.9932003395585741
-0.9931976251060223
-0.9931779661016954
-0.9931668077900087
-0.9931387478849407
-0.9931276415891799
-0.9931081081081078
-0.9930970464135024
-0.993077571669477
-0.9930665543386692
-0.9930555555555557
-0.9930277544154755
-0.9929915966386552
-0.9929554995801848
-0.9929278523489934
-0.9929086336965637
-0.992889447236181
-0.9928870292887035
-0.9928762541806024
-0.9928571428571427
-0.9928547579298826
-0.9928356964136782
-0.9928083333333337
-0.9927976686094925
-0.9927953410981695
-0.992793017456359
-0.9927657807308973
-0.9927634854771781
-0.9927529021558875
-0.9927506213753109
-0.9927566225165566
-0.9927543424317613
-0.9927272727272727
-0.9927085053674651
-0.9926897689768975
-0.9926793075020612
-0.9926771004942347
-0.9926748971193416
-0.9926562499999999
-0.9926458504519309
-0.9926436781609196
-0.9926251025430683
-0.9925983606557378
-0.9925634725634722
-0.9925450081833062
-0.9925429272281275
-0.9925490196078431
-0.99254693877551
-0.9925367047308322
-0.9925346373268131
-0.9925244299674266
-0.9924979658258744
-0.9924634146341468
-0.9924370430544269
-0.9924269480519482
-0.9924168694241692
-0.9924068071312806
-0.9923805668016192
-0.9923624595469256
-0.9923443815683103
-0.9923344103392572
-0.9923244552058108
-0.9923064516129039
-0.992288477034649
-0.9922624798711758
-0.9922365245374095
-0.992210610932476
-0.9921927710843371
-0.9921910112359548
-0.9921651964715317
-0.9921314102564099
-0.9921056845476386
-0.99208
-0.9920623501199038
-0.9920447284345048
-0.9920191540303276
-0.991993620414673
-0.9919601593625501
-0.9919267515923568
-0.9919093078758955
-0.9918998410174883
-0.9918983320095319
-0.9918968253968256
-0.9918953211736716
-0.9919017432646594
-0.9918923198733174
-0.9918591772151898
-0.9918260869565217
-0.9918088467614535
-0.9917837411207574
-0.9917665615141954
-0.991725768321513
-0.9917007874015751
-0.9916915814319438
-0.9916509433962263
-0.9916182246661431
-0.9916012558869702
-0.9915921568627455
-0.991590909090909
-0.991574001566171
-0.9915571205007829
-0.9915089913995313
-0.9914609374999998
-0.9914441842310697
-0.991427457098284
-0.99141075604053
-0.9914096573208723
-0.9913929961089493
-0.9913841368584758
-0.9913519813519811
-0.9913198757763979
-0.9913110938712181
-0.9913100775193798
-0.9913090627420604
-0.9913157894736843
-0.9912993039443156
-0.9912828438948991
-0.9912586872586873
-0.9912037037037039
-0.9911719352351579
-0.9911556240369798
-0.9911393379522708
-0.9911153846153844
-0.9910837817063799
-0.9910599078341015
-0.9910590943975441
-0.9910352760736199
-0.9909961685823753
-0.9909724349157735
-0.9909410864575362
-0.9909327217125383
-0.9909167303284954
-0.9909083969465652
-0.990892448512586
-0.9908536585365857
-0.9908149276466112
-0.9907838660578387
-0.9907680608365017
-0.9907446808510637
-0.990728929384966
-0.9906752655538693
-0.9906444275966642
-0.9906136363636365
-0.9906056018168056
-0.990590015128593
-0.9905744520030235
-0.9905589123867071
-0.9905283018867922
-0.9905052790346913
-0.9904898266767144
-0.990481927710843
-0.9904589917231003
-0.9904436090225562
-0.9904132231404956
-0.9903828828828826
-0.9903600900225057
-0.9903148425787107
-0.9902771535580526
-0.9902619760479041
-0.9902543006731487
-0.9902242152466365
-0.9901867064973864
-0.990134328358209
-0.9900969425801637
-0.9900670640834575
-0.9900446760982875
-0.990014880952381
-0.9900000000000001
-0.9899777117384844
-0.9899628804751298
-0.9899554896142437
-0.9899110452186803
-0.9898962962962966
-0.9898815692079936
-0.9898594674556217
-0.9898373983739839
-0.9898301329394387
-0.989822878228782
-0.9897861356932153
-0.9897494473102433
-0.9897349042709869
-0.9897203826342902
-0.9896911764705884
-0.9896693607641438
-0.9896549192364167
-0.9896258253851796
-0.9896041055718479
-0.9895897435897435
-0.9895607613469987
-0.9895318215069497
-0.9895029239766082
-0.9894813732651574
-0.9894452554744531
-0.9894018964259668
-0.9893586005830904
-0.9893372177713035
-0.9892940320232898
-0.9892654545454542
-0.9892369186046508
-0.98921568627451
-0.9891727140783746
-0.9891443074691803
-0.9891159420289857
-0.9890948587979728
-0.9890810419681619
-0.9890744757772955
-0.989067919075145
-0.9890541516245486
-0.989047619047619
-0.9890410958904109
-0.9890273775216142
-0.9890064794816421
-0.9889999999999999
-0.9889791516894322
-0.9889583333333337
-0.988951902368988
-0.9889383070301294
-0.9889247311827957
-0.9889040114613182
-0.9888761632068719
-0.9888412017167382
-0.988806290207291
-0.9887928571428571
-0.988786581013562
-0.9887803138373757
-0.9887598004276548
-0.9887393162393164
-0.9887188612099643
-0.9887055476529163
-0.9886780383795306
-0.9886576704545454
-0.9886231369765792
-0.9885957446808515
-0.9885825655563434
-0.9885481586402264
-0.988535031847134
-0.988543140028289
-0.988551236749117
-0.9885169491525425
-0.9884756527875791
-0.9884555712270806
-0.9884355179704015
-0.9884225352112679
-0.98841660802252
-0.988410689170183
-0.9883907238229094
-0.9883778089887636
-0.9883789473684206
-0.9883590462833101
-0.9883321653819204
-0.9882983193277313
-0.9882785164450663
-0.9882517482517487
-0.9882320055904963
-0.9882122905027936
-0.9881856245638523
-0.9881799163179918
-0.9881672473867593
-0.9881754874651808
-0.9881558803061934
-0.9881154381084845
-0.9881028492008335
-0.9881041666666666
-0.9880846634281747
-0.9880513176144246
-0.9880110880110881
-0.9879916897506922
-0.9879792387543246
-0.9879598893499305
-0.9879267449896335
-0.9878936464088397
-0.9878536922015183
-0.9878206896551727
-0.9878015161957269
-0.9877961432506892
-0.9877907777013077
-0.9877716643741402
-0.9877731958762884
-0.9877747252747251
-0.9877556623198356
-0.9877229080932779
-0.98770390678547
-0.987698630136986
-0.9876933607118413
-0.9876880984952117
-0.9876828434723172
-0.9876844262295081
-0.9876518771331058
-0.9876466575716232
-0.9876550783912745
-0.9876566757493184
-0.987651463580667
-0.9876190476190477
-0.9875866757307955
-0.9875815217391303
-0.9875831636116765
-0.9875848032564452
-0.9875932203389833
-0.9875813008130081
-0.987562626946513
-0.987564276048714
-0.987559161595673
-0.9875472972972968
-0.9875151924375419
-0.9875033738191631
-0.9874983142279169
-0.9874865229110509
-0.9874747474747472
-0.9874562584118436
-0.9874512441156688
-0.9874529569892476
-0.9874345198119547
-0.987429530201342
-0.9874245472837022
-0.9874128686327076
-0.9874146014735434
-0.9874163319946452
-0.9874046822742474
-0.9873796791443854
-0.9873480293921175
-0.9873497997329772
-0.9873448965977316
-0.9873333333333337
-0.9873084610259828
-0.9872902796271634
-0.9872521623419828
-0.9872207446808505
-0.987209302325581
-0.9872111553784864
-0.9872196416721962
-0.9872015915119363
-0.9871769383697807
-0.9871721854304638
-0.9871674387822637
-0.9871626984126983
-0.9871381361533377
-0.9871003963011888
-0.9870891089108909
-0.9870844327176781
-0.9870797626895184
-0.9870750988142292
-0.9870704410796576
-0.9870592105263158
-0.9870414201183434
-0.9870236530880422
-0.9870190413657253
-0.9869947506561679
-0.9869770491803282
-0.9869659239842724
-0.9869548133595284
-0.9869306282722516
-0.9869260954872463
-0.9869084967320262
-0.9868974526453294
-0.9868798955613581
-0.9868558382257013
-0.9868187744458929
-0.9868013029315962
-0.9867578124999998
-0.9867599219258296
-0.9867685305591679
-0.9867706302794024
-0.98675974025974
-0.9867553536664496
-0.9867380025940335
-0.9867141931302656
-0.9866839378238343
-0.9866601941747579
-0.9866494178525227
-0.9866451195862959
-0.9866343669250647
-0.9866171723692702
-0.9866000000000004
-0.9865957446808511
-0.9865721649484541
-0.9865357372826786
-0.9865122265122261
-0.986488745980707
-0.9864845758354752
-0.9864868336544639
-0.9864762516046216
-0.9864400256574731
-0.9864230769230764
-0.9864061499039078
-0.9864020486555698
-0.9863851567498402
-0.9863618925831199
-0.9863322683706066
-0.9863218390804599
-0.9862922782386728
-0.9862755102040809
-0.9862523900573614
-0.9862229299363061
-0.9862126034373013
-0.9861895674300253
-0.9861856325492689
-0.9861944091486654
-0.9861777777777777
-0.9861611675126902
-0.9861572606214334
-0.9861470215462611
-0.9861114629512346
-0.986088607594937
-0.9860721062618599
-0.9860493046776233
-0.986032849020847
-0.9860290404040406
-0.9860252365930599
-0.986002522068096
-0.9859798361688722
-0.9859823677581866
-0.9859911894273131
-0.9859874213836477
-0.9859648020113133
-0.9859422110552767
-0.9859133709981165
-0.9858971141781677
-0.9858746081504697
-0.9858834586466163
-0.9858609893550411
-0.9858322903629535
-0.9857973733583495
-0.9857875000000004
-0.9857776389756405
-0.9857677902621724
-0.9857517155333752
-0.9857294264339153
-0.9857133956386295
-0.9856973848069738
-0.9856627255756064
-0.985652985074627
-0.9856308266003734
-0.9856086956521743
-0.9855865921787705
-0.9855707196029777
-0.9855610663360198
-0.985539033457249
-0.9855108359133125
-0.9855012376237623
-0.9854792826221399
-0.9854573547589617
-0.9854478072884493
-0.9854259259259259
-0.9854164096236889
-0.9854007398273736
-0.9853666050523722
-0.985344827586207
-0.9853353846153842
-0.9853198031980319
-0.985304240934235
-0.9852948402948404
-0.9852731737262121
-0.985251533742331
-0.9852421827099941
-0.9852144607843139
-0.9851990202082054
-0.9851713586291311
-0.9851253822629971
-0.9850916870415645
-0.9850580329871712
-0.9850488400488397
-0.9850274557657108
-0.9850060975609758
-0.9849969530773918
-0.9849817295980512
-0.9849665246500305
-0.984951338199513
-0.9849361702127662
-0.984908869987849
-0.9848937462052212
-0.984890776699029
-0.9848756822316551
-0.9848727272727276
-0.9848758328285893
-0.9848668280871674
-0.9848275862068969
-0.9848065296251515
-0.9847794561933532
-0.9847705314009656
-0.9847616173808086
-0.9847346200241252
-0.9847076552139845
-0.9846987951807229
-0.9846718844069838
-0.9846450060168472
-0.9846361996392067
-0.9846274038461533
-0.9846246246246241
-0.984609843937575
-0.9845830833833236
-0.9845743405275782
-0.9845596165368482
-0.9845329341317371
-0.9845122681029324
-0.9844916267942588
-0.9844650328750749
-0.9844324970131423
-0.9844059701492535
-0.984391408114559
-0.9843709004174123
-0.9843384982121575
-0.9843180464562234
-0.9842976190476187
-0.9842593694229627
-0.9842330558858501
-0.9842127153891858
-0.9841923990498814
-0.9841721068249256
-0.9841459074733093
-0.9841315945465322
-0.9841113744075831
-0.9840970988750741
-0.9840769230769234
-0.984050857480781
-0.9840307328605199
-0.984010632014176
-0.9839728453364814
-0.9839410029498525
-0.9839150943396229
-0.98389510901591
-0.9838751472320381
-0.9838375515008821
-0.9838235294117648
-0.9838095238095241
-0.9837896592244416
-0.9837698179682919
-0.9837441314553987
-0.9837243401759531
-0.9836928487690503
-0.9836613942589341
-0.9836416861826701
-0.983633703920421
-0.983614035087719
-0.9836060783167736
-0.9835922897196258
-0.983566841798015
-0.98352975495916
-0.9835043731778426
-0.9834906759906756
-0.9834711706464764
-0.9834284051222352
-0.983408958696917
-0.983383720930233
-0.9833527019174898
-0.9833275261324046
-0.9833023795705165
-0.983288863109049
-0.9832753623188404
-0.9832444959443799
-0.9832194557035328
-0.9832118055555553
-0.9831925968768069
-0.9831734104046245
-0.9831484690930103
-0.9831351039260976
-0.9831390652048475
-0.983131487889274
-0.9831066282420747
-0.9830645161290319
-0.9830282095567072
-0.9830149597238205
-0.9829902242668196
-0.9829770114942523
-0.9829523262492816
-0.9829276693455796
-0.9829030407343657
-0.9828555045871556
-0.9828252148997133
-0.9828178694158072
-0.9827933600457929
-0.9827631578947369
-0.9827387078330476
-0.9827257142857144
-0.9827013135351228
-0.9826769406392692
-0.9826640045636053
-0.9826510832383124
-0.9826324786324783
-0.9826138952164005
-0.9825896414342626
-0.9825711035267346
-0.9825639567936325
-0.9825397727272729
-0.9825212947189098
-0.9824971623155502
-0.9824900737379465
-0.9824829931972794
-0.9824759206798868
-0.9824575311438276
-0.9824448217317483
-0.9824377828054298
-0.9824307518371964
-0.982429378531074
-0.9824110671936759
-0.9823927765237016
-0.9823857868020306
-0.9823844419391206
-0.9823718309859153
-0.9823423423423422
-0.9823128868880134
-0.982300337457818
-0.9822878021360314
-0.9822752808988768
-0.9822515440763618
-0.9822053872053871
-0.9821817162086371
-0.9821748878923766
-0.9821624649859941
-0.9821444568868981
-0.9821096810296592
-0.9820805369127512
-0.9820570150922303
-0.98204469273743
-0.9820379676158575
-0.9820256696428571
-0.9820133853876185
-0.9820011148272018
-0.9819832869080782
-0.9819710467706011
-0.9819588202559825
-0.9819466073414905
-0.9819288493607558
-0.9819166666666668
-0.9818878400888396
-0.9818479467258596
-0.9818191902384913
-0.9818070953436809
-0.9817950138504158
-0.9817829457364344
-0.9817653569452134
-0.9817311946902653
-0.9817247097844113
-0.9817071823204422
-0.9816951960242961
-0.9816942604856514
-0.9816712630998343
-0.9816538037486217
-0.9816363636363639
-0.9816244493392066
-0.9815960374243257
-0.9815786578657864
-0.981544804837823
-0.9815274725274722
-0.9815156507413508
-0.981498353457739
-0.9814920460778935
-0.9814747807017544
-0.981457534246575
-0.9814348302300112
-0.9814230979748221
-0.9814004376367613
-0.9813887370147618
-0.9813551912568301
-0.9813326051338064
-0.9812991266375545
-0.9812765957446813
-0.9812540894220283
-0.9812534059945509
-0.9812309368191723
-0.9812030484485568
-0.9811860718171925
-0.981163675910821
-0.9811467391304342
-0.9811135252580121
-0.9810912052117265
-0.9810634834508951
-0.9810412147505425
-0.9810081300813007
-0.9810075839653298
-0.9809907958852193
-0.9809740259740262
-0.9809518658734449
-0.9808918918918917
-0.9808589951377633
-0.9808531317494601
-0.980831084727469
-0.9808144552319307
-0.9807870619946086
-0.9807543103448276
-0.9807323640280023
-0.9806835306781483
-0.9806616460462613
-0.9806290322580646
-0.9805857066093496
-0.9805424274973147
-0.9805099302200749
-0.9804828326180254
-0.9804557640750674
-0.9804126473740618
-0.9803856454204604
-0.9803693790149893
-0.9803424291064741
-0.9803315508021391
-0.9803099946552649
-0.9802831196581201
-0.9802616123865454
-0.9802347918890072
-0.980213333333333
-0.980186567164179
-0.9801651571656901
-0.9801331203407884
-0.9801277275146352
-0.9801117021276603
-0.9800584795321634
-0.980031880977683
-0.9800265533722781
-0.9800106157112528
-0.9799893899204242
-0.9799681866383879
-0.9799417064122946
-0.9799152542372882
-0.9798941238750658
-0.9798571428571425
-0.9798096245372822
-0.9797991543340376
-0.9797886951928162
-0.9797729672650476
-0.9797519788918208
-0.9797204641350212
-0.9796942540853977
-0.9796522655426765
-0.9796366508688782
-0.9796052631578952
-0.979600210415571
-0.9795846477392218
-0.9795533368365735
-0.9795483193277309
-0.9795328083989497
-0.9795173137460647
-0.9794808599895124
-0.9794496855345909
-0.9794133053954951
-0.9793769633507854
-0.979345892203035
-0.9793410041841003
-0.9793256664924204
-0.9792894461859981
-0.9792689295039162
-0.9792536534446766
-0.9792227438706314
-0.9791918665276327
-0.9791558103178736
-0.9791354166666665
-0.9791150442477873
-0.9790946930280953
-0.9790691627665106
-0.9790228690228688
-0.9789766233766234
-0.9789563862928347
-0.9789413596263615
-0.9789263485477181
-0.9788958009331258
-0.978886010362695
-0.9788710512687725
-0.9787991718426503
-0.978742886704604
-0.9787176835573942
-0.9786925064599481
-0.9786570247933883
-0.9786422302529683
-0.9785964912280698
-0.9785559566786999
-0.9785154639175256
-0.9784853168469857
-0.9784757981462413
-0.9784611425630466
-0.9784465020576134
-0.9784318766066841
-0.9784069886947582
-0.9783769902413977
-0.9783675564681724
-0.9783581323755777
-0.9783487179487182
-0.9783444387493594
-0.9783299180327866
-0.9782949308755761
-0.9782702149437046
-0.9782506393861894
-0.9782259713701432
-0.9781859989780278
-0.9781460674157307
-0.9781214905564056
-0.9780867346938774
-0.9780877103518607
-0.9780784913353717
-0.9780336220071324
-0.9779887983706723
-0.9779491094147578
-0.9778992878942012
-0.9778749364514485
-0.9778556910569108
-0.9778263077704419
-0.977832487309645
-0.977833587011669
-0.9778194726166324
-0.9777648251393822
-0.9777051671732524
-0.9776607594936709
-0.9776467611336034
-0.9776428932726353
-0.977613751263903
-0.9775947448206161
-0.9775656565656567
-0.9775265017667839
-0.977482341069627
-0.9774483106404436
-0.9774143145161289
-0.9773753148614613
-0.977316213494461
-0.9772873678912931
-0.9772585513078471
-0.9772448466566113
-0.9772361809045228
-0.9772225012556508
-0.9772038152610437
-0.9771801304565977
-0.9771664994984954
-0.9771478696741852
-0.9771242484969938
-0.9770956434651982
-0.9770670670670669
-0.9770435217608804
-0.9770199999999997
-0.977016491754123
-0.9769930069930068
-0.9769595606590116
-0.9769311377245512
-0.9768977556109726
-0.9768743768693914
-0.9768510214250122
-0.9768227091633467
-0.9768093578894974
-0.9768059701492535
-0.9767876678269513
-0.9767594433399601
-0.9767213114754095
-0.9766732869910625
-0.9766501240694797
-0.9766369047619047
-0.9766137828458104
-0.976595639246779
-0.9765725606736005
-0.9765495049504952
-0.9765462642256307
-0.976533135509397
-0.9765200197726149
-0.9765019762845849
-0.9764938271604933
-0.9764610069101682
-0.9764183522446962
-0.9763856015779093
-0.9763528831936911
-0.9763546798029559
-0.9763367799113738
-0.9763188976377957
-0.9763108706345298
-0.9763028515240909
-0.9762653562653564
-0.9762229862475449
-0.9761855670103087
-0.9761579980372913
-0.9761451692005884
-0.9761421568627453
-0.9761342479176878
-0.9761116552399609
-0.9760548213411654
-0.9760225048923675
-0.9759951100244502
-0.9759775171065496
-0.9759550561797758
-0.9759326171875
-0.9759004392386535
-0.9758634146341465
-0.9758166747927841
-0.975804093567252
-0.9757915245981493
-0.9757497565725411
-0.9757031630170317
-0.975656614785992
-0.9756392805055905
-0.9756268221574348
-0.9756046624575041
-0.9755679611650482
-0.9755409995147989
-0.975509214354995
-0.9754774600096948
-0.975450581395349
-0.9754527845036318
-0.9754259438528561
-0.9753894533139814
-0.9753578336557063
-0.975350410826486
-0.9753333333333338
-0.9753017865765333
-0.9752364864864868
-0.975190545103715
-0.9751398264223723
-0.9751180722891567
-0.9751059730250481
-0.9750890707751567
-0.9750481231953804
-0.9750072150072142
-0.9749951923076924
-0.9749927919269576
-0.9749663784822288
-0.974963994239078
-0.9749520153550861
-0.9749256594724222
-0.9748993288590604
-0.9748682319118355
-0.9748371647509583
-0.9748204882719014
-0.9748086124401913
-0.9747967479674797
-0.9747753346080308
-0.9747634973721925
-0.9747564469914036
-0.9747207637231504
-0.9746755725190837
-0.9746399618502621
-0.9746186844613919
-0.9746069556931874
-0.9745952380952378
-0.9745835316515944
-0.9745575642245479
-0.9745411317165953
-0.9745152091254752
-0.9744750593824228
-0.9744491927825258
-0.974418604651163
-0.974388045540797
-0.9743764817449032
-0.9743507109004745
-0.9743107531975364
-0.9742566287878788
-0.9742167534311412
-0.9741863765373704
-0.9741654846335694
-0.9741587901701326
-0.9741521020311759
-0.9741359773371104
-0.9741057102406796
-0.9740660377358493
-0.974035832154644
-0.9740197926484453
-0.9739802166745172
-0.9739500941619582
-0.9739341176470592
-0.9739275634995296
-0.9739116125999056
-0.9738862781954889
-0.9738374823860962
-0.9737887323943665
-0.9737306428906612
-0.9737007504690428
-0.9736802625410224
-0.9736644798500461
-0.9736533957845436
-0.9736329588014979
-0.9736031820308847
-0.973568755846586
-0.9735483870967743
-0.973542056074767
-0.9735170481083608
-0.973492063492064
-0.9734811012599163
-0.9734608208955227
-0.9734405594405593
-0.9733923578751168
-0.9733581741965529
-0.9733379888268154
-0.973322475570032
-0.9732883720930237
-0.9732450023245001
-0.973206319702602
-0.9731723176962377
-0.9731662024141131
-0.9731508120649651
-0.9731215213358071
-0.9730737134909593
-0.9730630213160331
-0.9730708661417321
-0.9730648148148147
-0.9730356316520123
-0.9729879740980575
-0.972954230235784
-0.9729436229205178
-0.9729237875288684
-0.9729132040627885
-0.9728841716658974
-0.9728505535055355
-0.972821576763485
-0.9728018433179721
-0.9727637033625056
-0.9727209944751383
-0.9727013345605154
-0.9726724931002759
-0.9726574712643677
-0.9726516544117644
-0.972599908130455
-0.9725573921028464
-0.9725149150986688
-0.9724587155963305
-0.9724300779458962
-0.9724197983501373
-0.9724049473202018
-0.9723626373626378
-0.9723386727688791
-0.9723101555352237
-0.9722908093278465
-0.9722486288848263
-0.9722156235724075
-0.9721917808219179
-0.9721907804655407
-0.9721852189781026
-0.9721477428180573
-0.9721057429352777
-0.9720820045558082
-0.9720628415300553
-0.9720436959490216
-0.9719972702456778
-0.9719554342883133
-0.9719318181818178
-0.971912766924125
-0.971880108991826
-0.971870177031321
-0.9718421052631581
-0.9718049886621314
-0.971786038077969
-0.971748980516538
-0.9717255434782608
-0.9717111815301039
-0.9716742081447955
-0.9716417910447762
-0.971613924050633
-0.9716131947582468
-0.9715943992773258
-0.9715485327313771
-0.9715207581227439
-0.9714930085701396
-0.971456266907123
-0.9714195583596211
-0.9713828828828828
-0.9713327330031519
-0.9713096309630965
-0.9712775528565
-0.9712500000000004
-0.9712044943820226
-0.9711590296495958
-0.9711360574764261
-0.9711220825852781
-0.9710991475998209
-0.9710672645739911
-0.9710354101299866
-0.9710080645161291
-0.9709807433945364
-0.97094897045658
-0.9709127516778523
-0.9708810375670838
-0.9708538220831475
-0.9708310991957109
-0.9707949977668606
-0.9707678571428567
-0.9707496653279787
-0.9706958073148971
-0.9706553722692823
-0.9706238859180035
-0.9706013363028951
-0.970578806767587
-0.9705607476635518
-0.9705293594306051
-0.9704979991107162
-0.9704888888888888
-0.9704664593513996
-0.9704662522202482
-0.9704394141145138
-0.9703948535936111
-0.9703769401330377
-0.9703767730496452
-0.9703721754541422
-0.970341009743136
-0.970314298362107
-0.9702876106194687
-0.9702742149491377
-0.9702564102564104
-0.970229783473266
-0.9702075971731448
-0.9701854304635765
-0.9701500441306267
-0.9701279223643585
-0.9701014109347449
-0.9700793301013663
-0.9700396475770923
-0.970008806693087
-0.9699911971830986
-0.9699648042234931
-0.9699252418645556
-0.9699032967032971
-0.969872583479789
-0.9698418972332015
-0.9698287971905181
-0.9698157086441423
-0.969785087719298
-0.9697457255589658
-0.9697151621384744
-0.9696977660972408
-0.9696760070052542
-0.9696498905908096
-0.9696194225721787
-0.9696064713598603
-0.9695804195804193
-0.9695500218435998
-0.969524017467249
-0.9695024006983851
-0.9694764397905763
-0.9694417793283908
-0.9693984306887531
-0.9693420479302836
-0.9693205574912889
-0.9692947322594685
-0.9692732811140121
-0.969238799478034
-0.9692000000000001
-0.9691786179921771
-0.9691572545612508
-0.9691141988710382
-0.9690798611111104
-0.9690455531453364
-0.969011274934952
-0.9689900303424358
-0.9689688041594458
-0.9689389346037248
-0.9689264069264071
-0.9688965815664211
-0.9688667820069204
-0.968828361435365
-0.9687942955920481
-0.9687559395248383
-0.9687305699481865
-0.9686922744928786
-0.9686712683347715
-0.968637343682622
-0.9686034482758616
-0.9685997414907362
-0.968578811369509
-0.968575118381403
-0.9685370051635107
-0.9684860215053764
-0.9684651762682719
-0.9684400515685438
-0.9684235395189001
-0.9683984542722197
-0.9683776824034334
-0.9683526383526386
-0.9683361921097767
-0.9682983283326192
-0.9682690659811479
-0.9682612419700216
-0.9682320205479452
-0.9682071031236628
-0.9681950384944399
-0.9681658828559214
-0.9681410256410256
-0.9681290046988461
-0.9681084543125535
-0.9680708493384549
-0.9680375426621162
-0.9680085287846485
-0.9679965899403231
-0.9679804005112906
-0.9679301533219759
-0.96788846317582
-0.9678638297872343
-0.967830710336027
-0.9678103741496602
-0.9677858053548656
-0.967752761257434
-0.9677324840764332
-0.9677164685908319
-0.9676962240135765
-0.9676463104325702
-0.9676218736752865
-0.9676016949152545
-0.9675942397289283
-0.9675825571549539
-0.9675327972915787
-0.9674915397631132
-0.9674756871035944
-0.967451394759087
-0.9674313476975069
-0.9674113175675677
-0.9673828619670745
-0.9673544303797464
-0.9673260227752007
-0.967310286677909
-0.9672861356932154
-0.9672620050547599
-0.9672168421052632
-0.967167508417509
-0.9671350441733273
-0.9671026072329686
-0.967070197562001
-0.9670504201680672
-0.9670348593028137
-0.9670067170445011
-0.9669744020142681
-0.9669546979865775
-0.9669308176100625
-0.9669153394803022
-0.9668873062421448
-0.9668676716917927
-0.9668480535789036
-0.9668158995815898
-0.9668088665830196
-0.9667892976588629
-0.9667655662348514
-0.966746031746032
-0.9667056367432153
-0.9666819699499163
-0.966666666666667
-0.9666472060050039
-0.9666277615673199
-0.9666000000000001
-0.9665639316951274
-0.9665445462114906
-0.9665293383270912
-0.9665141430948416
-0.9665031185031185
-0.9664588528678303
-0.966418778562526
-0.9663995016611296
-0.9663843918638443
-0.9663734439834024
-0.9663500622148488
-0.9663059701492545
-0.9662826357231665
-0.9662634631317316
-0.9662443064182195
-0.9662334437086093
-0.9661894911046751
-0.9661497105045491
-0.9661058288548987
-0.9660785123966938
-0.9660718711276334
-0.966036333608588
-0.9660090796533225
-0.9659859735973596
-0.9659711340206186
-0.9659563066776591
-0.9659291306139269
-0.9658937397034597
-0.9658707286949361
-0.9658395061728396
-0.9658165364047714
-0.9657935855263158
-0.96577065351418
-0.9657271980279368
-0.9656919917864475
-0.965665024630542
-0.9656298727944191
-0.9656029532403612
-0.9655801558015582
-0.9655450819672133
-0.965501843506759
-0.9654627354627351
-0.9654277527629967
-0.965384615384615
-0.9653496932515333
-0.9653107113654946
-0.9652881078872091
-0.9652450980392157
-0.9651898734177213
-0.9651387755102043
-0.9650958792329667
-0.965057096247961
-0.9650264981655116
-0.965
-0.9649816700610995
-0.9649389250814331
-0.9648880748880745
-0.9648494711147272
-0.9648271655144369
-0.9648048780487806
-0.9647704185290533
-0.9647319252640127
-0.964701583434836
-0.9646915584415582
-0.9646653144016226
-0.9646431467964314
-0.9646128901499794
-0.9645867098865482
-0.9645484001620086
-0.9645222672064777
-0.9644799676244432
-0.9644417475728159
-0.9644035584310556
-0.9643573160873082
-0.9643393939393939
-0.9642932148626816
-0.9642591844973761
-0.9642251815980631
-0.9641871722468741
-0.9641612903225806
-0.9641273679967756
-0.9641015310233679
-0.9640918244059606
-0.964066022544284
-0.9640040241448689
-0.963958165728077
-0.9639284278246889
-0.9639067524115754
-0.9638730413820812
-0.9638273092369479
-0.963801686069852
-0.9637760834670945
-0.963734456478139
-0.9636928628708901
-0.9636553106212424
-0.9636418269230772
-0.9636203444132961
-0.963590872698159
-0.9635614245698279
-0.963516
-0.9634706117552979
-0.9634652278177454
-0.9634518577706753
-0.9634265175718849
-0.9633772455089818
-0.9633320031923392
-0.9633027522935776
-0.9632535885167468
-0.9632084495815065
-0.9631792828685265
-0.9631541218637991
-0.963125
-0.9630959013131719
-0.9630787589498813
-0.9630656063618289
-0.9630445151033388
-0.962999602701629
-0.9629706115965054
-0.9629297340214366
-0.9628769841269843
-0.9628599761999207
-0.9628271213322758
-0.9627863654379706
-0.9627258320126777
-0.9626930693069311
-0.9626563737133806
-0.9626197071626434
-0.9625949367088605
-0.9625741399762751
-0.9625454545454548
-0.9625246937969181
-0.9624921011058456
-0.9624713778128698
-0.9624427782162587
-0.9624142011834319
-0.9623974763406938
-0.9623649980291679
-0.9623561859732073
-0.9623434423001187
-0.9622874015748032
-0.9622432113341207
-0.9622108575924473
-0.9621903263861579
-0.9621816037735847
-0.9621650294695479
-0.9621445404556164
-0.9621240675304279
-0.9620996860282576
-0.9620714005492347
-0.9620549019607847
-0.9620344962759698
-0.9620141065830718
-0.9620015667841755
-0.961977290524667
-0.9619334637964779
-0.9619053208137721
-0.9618850215095814
-0.961856919468335
-0.9618210238374367
-0.9617929687500005
-0.9617844591956267
-0.9617603434816552
-0.9617323449083105
-0.9617004680187207
-0.9616686159844055
-0.9616328916601715
-0.9615932995714843
-0.961553738317757
-0.9615181004281823
-0.9614980544747082
-0.9614858031894207
-0.9614735614307937
-0.9614496696463273
-0.9614141414141417
-0.9613747572815534
-0.9613315217391301
-0.9613193636010865
-0.9613033359193173
-0.961271810779372
-0.9612403100775191
-0.9612204571871367
-0.9612044926413635
-0.9611730545876882
-0.9611455108359129
-0.961125725338491
-0.9611059551430781
-0.9610746037881717
-0.9610394126738794
-0.9610081112398606
-0.960988416988417
-0.9609687379390198
-0.9609452160493831
-0.9609178557655226
-0.9608943716268314
-0.9608709055876691
-0.9608551617873653
-0.9608317289179825
-0.9608083140877597
-0.9607772220084644
-0.9607538461538455
-0.960722798923491
-0.9607148347425053
-0.9606953515174795
-0.9606682027649768
-0.9606295585412667
-0.9606216423637758
-0.9606098964326819
-0.9606019938650309
-0.960571100038329
-0.9605440613026819
-0.9605323630792801
-0.9605091883614086
-0.9604975124378113
-0.9604781943381792
-0.9604703632887189
-0.960435779816514
-0.9603897592663353
-0.9603437738731857
-0.9603245513554792
-0.9603206106870222
-0.9602899656619609
-0.960247902364607
-0.960224933282501
-0.9602210365853661
-0.9602057142857143
-0.9601827875095199
-0.9601674914350973
-0.9601407914764082
-0.9601027006466328
-0.9600608365019013
-0.9600380083618396
-0.9600151975683889
-0.9599810102544624
-0.9599430523917993
-0.959912713472486
-0.9598786039453719
-0.9598596890405764
-0.95983699772555
-0.9598067449791592
-0.9597651515151517
-0.9597235895494134
-0.9597161241483722
-0.959704880817253
-0.9596860816944022
-0.9596408317580337
-0.959610733182162
-0.959595768794862
-0.95957326283988
-0.9595394488486225
-0.9595056603773586
-0.9594643530743115
-0.9594268476621416
-0.9593818318884284
-0.9593519216277318
-0.9593258003766482
-0.9593185240963855
-0.9593074896499807
-0.9592964635063957
-0.9592591199699128
-0.9592218045112783
-0.9592183389703121
-0.9592036063110438
-0.9591738640630872
-0.9591328828828829
-0.9591144465290807
-0.9591147786946739
-0.9591038620172481
-0.9590929535232378
-0.9590633195953541
-0.959029962546817
-0.9590078622238863
-0.9589857784431136
-0.9589711934156376
-0.9589454001495886
-0.958923364485981
-0.9589013452914799
-0.9588868135973102
-0.958883495145631
-0.9588577827547594
-0.9588320895522392
-0.958810145468109
-0.9587882177479493
-0.958766306373462
-0.9587406855439644
-0.9587337057728115
-0.9587267311988086
-0.9587160401935237
-0.9586867559523808
-0.9586686500557826
-0.9586579925650558
-0.9586287625418061
-0.9586069836552744
-0.958585220943186
-0.9585708982925014
-0.9585454545454543
-0.9585237388724039
-0.9584946236559143
-0.9584655300222391
-0.9584364579473875
-0.9584148148148146
-0.9584042947056645
-0.9583752775721684
-0.9583462819089895
-0.9583136094674558
-0.9582735674676528
-0.9582483370288248
-0.9582342076098999
-0.9582127031019202
-0.9582096714654859
-0.9581918819188192
-0.958166728144596
-0.9581415929203537
-0.958123848138592
-0.958106116433309
-0.9580847145488027
-0.9580486008836524
-0.9580198748619801
-0.9580022075055185
-0.9579808753218099
-0.9579669117647056
-0.9579456082322672
-0.957935341660544
-0.957899375688579
-0.9578891336270189
-0.9578715596330274
-0.957850330154072
-0.9578181151448484
-0.9577859237536656
-0.9577757420300473
-0.957750915750915
-0.9577224459904796
-0.9577159590043931
-0.9577131357482622
-0.9576993416239943
-0.9576672760511884
-0.9576388888888892
-0.9576214833759593
-0.9575894813732653
-0.9575757575757581
-0.95757299270073
-0.9575519883254284
-0.9575309992706055
-0.9575027342325921
-0.957481778425656
-0.9574717668488162
-0.9574399126001458
-0.9574044412085908
-0.9573835516739448
-0.9573626773372139
-0.957349090909091
-0.9573246092330061
-0.9573001453488369
-0.9572756992371952
-0.9572512708787215
-0.9572014519056262
-0.9571806966618287
-0.9571490750816106
-0.957121102248006
-0.9570967741935484
-0.957083333333333
-0.9570554147048169
-0.9570275162925417
-0.9569996380745565
-0.9569645441389288
-0.9569547920434002
-0.9569378163412868
-0.9569172388868812
-0.9568930635838154
-0.9568652943300829
-0.956837545126354
-0.9567809455070373
-0.9567496392496393
-0.9567291741795886
-0.9567087238644554
-0.9566774774774776
-0.9566642651296831
-0.9566402592725968
-0.9566198704103673
-0.9565815041381796
-0.9565539568345325
-0.956537216828479
-0.9565168943206329
-0.9564858066834349
-0.9564547413793107
-0.956445242369838
-0.9564178033022255
-0.9563903839253675
-0.9563665710186515
-0.9563356041591972
-0.9563154121863797
-0.9562952346829099
-0.9562786532951288
-0.9562441818832794
-0.9562133142448102
-0.9561824686940966
-0.9561552217453504
-0.9561208437611728
-0.95608649035025
-0.9560593068953205
-0.956035714285714
-0.9559907176008572
-0.9559564596716632
-0.9559257937923655
-0.9559094151212553
-0.9558859180035651
-0.9558446186742694
-0.9558069112931955
-0.9557941595441592
-0.9557742969028122
-0.955750889679715
-0.9557381714692278
-0.955711237553343
-0.9556807678634907
-0.9556467661691539
-0.9556198934280641
-0.9556001420454545
-0.9555981540646079
-0.9555464868701208
-0.9555019510464704
-0.9554716312056735
-0.9554484225451965
-0.9554181431608785
-0.9553843428976265
-0.955350566572238
-0.9553238938053099
-0.9552937013446567
-0.9552741422002115
-0.9552369165487983
-0.9552103216684342
-0.9551802120141346
-0.9551501236312256
-0.9551271186440679
-0.9551147193787501
-0.9550811573747353
-0.9550476190476189
-0.9550176304654444
-0.9549876630243211
-0.954954193093728
-0.9549242691088411
-0.9548978873239439
-0.9548785638859555
-0.9548486980999294
-0.9548047836792125
-0.9547714486638538
-0.9547592267135326
-0.95475404075896
-0.9547277836318934
-0.9546910112359552
-0.9546612846612849
-0.9546105263157897
-0.9545668186601194
-0.9545336605890601
-0.9544970206799863
-0.9544849334267694
-0.9544518388791594
-0.9544257703081233
-0.9543927196359818
-0.9543666899930022
-0.9543371808324588
-0.9542972027972028
-0.9542607479902131
-0.9542452830188681
-0.9542088718127835
-0.9541934357541902
-0.9541675392670156
-0.9541311933007668
-0.9541158004883152
-0.9540934449093444
-0.9540536772394568
-0.9540383275261323
-0.9540125391849525
-0.953986768802229
-0.953943612948138
-0.9539144050104386
-0.953895652173913
-0.9538664812239223
-0.9538408063955511
-0.9538047255038219
-0.9537756165335189
-0.9537569444444444
-0.9537278722665741
-0.9536988202637056
-0.9536697884148451
-0.9536511789181694
-0.9536221837088391
-0.9536139986139989
-0.9535850363699341
-0.9535664819944598
-0.9535514018691592
-0.9535155709342561
-0.9534797647872709
-0.9534439834024893
-0.953408226754234
-0.9533794056668969
-0.9533436960276339
-0.953297651933702
-0.9532688988608904
-0.9532436162870946
-0.9532183511555707
-0.9531931034482757
-0.9531471906239224
-0.9531082012405236
-0.9530692387185665
-0.9530371900826442
-0.9529913941480203
-0.9529662766689604
-0.9529549363605091
-0.9529298486932596
-0.9528841526297697
-0.9528591065292091
-0.9528409481277909
-0.9528090659340666
-0.9527600411946446
-0.9527385037748801
-0.9527101200686104
-0.9526680384087794
-0.952643126499829
-0.952611377655929
-0.9525865022267896
-0.9525684931506845
-0.9525333789798013
-0.9525085557837094
-0.9524734861443721
-0.9524452804377568
-0.952417094017094
-0.9523786739576213
-0.9523471130850703
-0.9522984972677595
-0.9522703994537385
-0.9522627986348126
-0.9522517911975431
-0.9522135061391537
-0.9521752471871803
-0.9521370143149284
-0.9521022146507664
-0.9520946866485015
-0.952066734763364
-0.9520422055820287
-0.9520040830214359
-0.9519625850340134
-0.9519245154709278
-0.9518796736913662
-0.9518518518518516
-0.9518240489130433
-0.9518098471986414
-0.9517888662593347
-0.9517475398710552
-0.9517028493894166
-0.9516581892166839
-0.9516305084745765
-0.9516096238563196
-0.9515853658536584
-0.9515543515069421
-0.9515030467163172
-0.9514686971235197
-0.9514445196211097
-0.9514237402773081
-0.9514029749830964
-0.9513889827644479
-0.9513412162162166
-0.9512799729821008
-0.9512525320729237
-0.951238609517381
-0.9512179487179491
-0.951193929173693
-0.9511665542818609
-0.9511391978429385
-0.951108490566038
-0.9510676995621421
-0.9510370370370369
-0.9510198586334568
-0.9510060565275904
-0.9509855364951229
-0.9509448554135842
-0.9508974789915966
-0.9508736559139785
-0.9508532079274437
-0.9508529214237741
-0.9508190668009392
-0.9507818791946305
-0.9507547802750755
-0.9507344064386318
-0.950710693932283
-0.9506836461126004
-0.9506700167504191
-0.9506530475552583
-0.9506193505189152
-0.9505823293172688
-0.9505453328872531
-0.9505284280936452
-0.950508191240388
-0.9504846256684494
-0.9504343468092215
-0.950417501670007
-0.9504106844741237
-0.9504038718291054
-0.9503770437103775
-0.9503335557038025
-0.9503034344781596
-0.9502933333333331
-0.9502699100299904
-0.9502465023317785
-0.9501964701964701
-0.9501731025299602
-0.9501397670549083
-0.9501097804391219
-0.9500764881942136
-0.9500664893617019
-0.9500531738118972
-0.9500431893687709
-0.9500166057788115
-0.9499767596281543
-0.9499435778294063
-0.9499104180491041
-0.9498905472636817
-0.949857427055703
-0.9498342724560825
-0.9498111332007956
-0.9497846969195102
-0.9497549668874171
-0.9497153260509765
-0.9496889477167433
-0.9496758187231222
-0.9496494708994713
-0.9496033057851243
-0.9495769993390617
-0.9495474066732741
-0.9495145310435933
-0.9494849785407723
-0.9494587458745875
-0.9494292312768061
-0.949399736147757
-0.9493669634025719
-0.9493441001977585
-0.9493344316309721
-0.9493017127799735
-0.9492624300296352
-0.9492363396971691
-0.949216847647252
-0.949200657894737
-0.9491746136139426
-0.9491518737672584
-0.9491390075583308
-0.9490998685939553
-0.9490640394088671
-0.949044648719632
-0.9490022973416471
-0.9489730971128609
-0.9489504755657588
-0.9489409836065573
-0.948938053097345
-0.9489187418086503
-0.9488863413036355
-0.9488506876227899
-0.94884124386252
-0.9488219895287956
-0.9487896630683678
-0.9487671680837145
-0.9487577639751553
-0.9487450980392157
-0.9487259065664807
-0.9486936642717175
-0.9486777668952007
-0.9486586161879894
-0.9486362153344211
-0.9485975212002613
-0.948555591783502
-0.9485365058670144
-0.9485076572173347
-0.9484885993485339
-0.948459785086291
-0.9484472656250005
-0.9484315001627077
-0.948409238776838
-0.948390243902439
-0.9483712613784135
-0.9483457913552159
-0.9483235867446389
-0.9483046443650536
-0.9482824675324669
-0.9482570593963005
-0.9482414016872154
-0.9482322413233867
-0.9482166018158233
-0.9481944894651541
-0.9481723914452366
-0.9481632653061223
-0.9481573834196894
-0.9481482680479116
-0.9481359223300969
-0.9481106438045943
-0.9480918499353169
-0.9480666020045266
-0.9480510665804779
-0.9480258481421647
-0.9480006459948322
-0.9479657733290279
-0.9479502905100063
-0.9479315908357532
-0.9479064516129034
-0.9478684295388584
-0.94785944551902
-0.9478407992265548
-0.9478318298969072
-0.9477842190016104
-0.9477495170637472
-0.947718056002575
-0.9476962676962677
-0.9476873592795113
-0.9476688102893891
-0.9476534876245577
-0.9476188946015422
-0.9475939608095085
-0.9475818882466281
-0.9475698234349921
-0.9475513478818999
-0.9475072184793072
-0.9474823604874923
-0.9474671369028536
-0.9474551282051283
-0.947414290291573
-0.947402306213966
-0.9473807236631443
-0.947368758002561
-0.9473503999999997
-0.947322456813819
-0.9473073233130794
-0.9472953964194373
-0.9472483221476505
-0.9472076677316291
-0.9471734270201212
-0.9471455938697317
-0.9471050111714006
-0.9470804084237398
-0.9470590111642742
-0.9470248724489794
-0.9470066942939114
-0.9469885277246654
-0.9469512583625359
-0.9468980891719743
-0.9468354027379814
-0.9468204964990456
-0.9468151447661468
-0.9467970737913487
-0.9467472178060412
-0.9467228226319139
-0.9467016205910391
-0.9466804320203301
-0.9466402032391231
-0.9466158730158728
-0.9465852110441133
-0.9465736040609138
-0.9465493181097365
-0.9465345592897908
-0.9465103011093501
-0.9464638783269961
-0.9464396579030725
-0.9464186193793539
-0.94639126305793
-0.9463512658227852
-0.9463144574501741
-0.9462839974699555
-0.9462693645273476
-0.9462579013906448
-0.9462338072669827
-0.9462128869235629
-0.9462014524786864
-0.946183712121212
-0.9461565162511836
-0.946129337539432
-0.9460990223904137
-0.9460781841109714
-0.9460258430507409
-0.9459987397605545
-0.9459716535433071
-0.9459414357682615
-0.9459049417689647
-0.9458810572687224
-0.9458477508650519
-0.9458207547169812
-0.9457749135491982
-0.9457448145820238
-0.9457335846685511
-0.945725502512563
-0.9456985871271587
-0.9456685499058376
-0.9456353937872605
-0.9456053952321198
-0.9455628723737849
-0.9455329153605014
-0.9455092447508622
-0.94546992481203
-0.9454556843094273
-0.945441452723857
-0.9454115805946793
-0.945394242803504
-0.9453581482639973
-0.945334584115072
-0.9453079087214761
-0.9452874999999996
-0.9452483598875352
-0.9452061211742665
-0.9451763971276932
-0.9451435705368287
-0.9451076443057722
-0.9450935745477232
-0.9450732772061117
-0.9450592269326686
-0.9450264880024933
-0.9450062305295945
-0.9449704142011836
-0.9449439601494395
-0.9449081854964204
-0.9448724331051652
-0.944836702954899
-0.9448258706467664
-0.9448119365868822
-0.9447855811062773
-0.9447623485554518
-0.9447484472049693
-0.9447221359826139
-0.9446803227808813
-0.9446633571206953
-0.9446401985111663
-0.9446046511627906
-0.9445815251084935
-0.9445367214130767
-0.9444919454770759
-0.9444626819448749
-0.9444551083591332
-0.9444289693593312
-0.9444121287128717
-0.9443674605629444
-0.9443351886209029
-0.9443307573415766
-0.9443201483312734
-0.944291010194625
-0.9442618900555897
-0.9442266131522075
-0.9441944444444447
-0.9441561246528846
-0.9441239975323872
-0.9441103916127044
-0.9440690505548711
-0.9440246533127891
-0.9440141712877389
-0.9439944564213124
-0.9439655172413793
-0.9439304401354269
-0.9439138461538461
-0.9439034143340511
-0.9438806888068872
-0.9438456809099297
-0.9438076213890594
-0.9437818740399383
-0.9437684275184275
-0.9437457783236108
-0.9437231430325353
-0.943697453206505
-0.9436748466257667
-0.943646120821834
-0.9436296750459843
-0.9436040453570337
-0.9435784313725489
-0.9435497702909647
-0.9435241886099203
-0.943492500765228
-0.9434669522643816
-0.9434475374732334
-0.9434403669724766
-0.9434118006725772
-0.9433801955990221
-0.9433486098380692
-0.9433139890042759
-0.9432946564885494
-0.9432783882783876
-0.9432468721391511
-0.9432184258694326
-0.9431899969502895
-0.9431737804878046
-0.943154526059128
-0.9431322364411945
-0.9430977764240026
-0.9430724725943975
-0.9430350076103502
-0.9430097382836274
-0.9429844843322175
-0.9429562043795622
-0.942921860747948
-0.94290273556231
-0.9428775448192035
-0.9428462940461725
-0.9428120255086548
-0.942786885245902
-0.9427678300455237
-0.9427427184466021
-0.9427236882013953
-0.9427016373559732
-0.9426705062140038
-0.9426575757575758
-0.9426355649803092
-0.9426165960024225
-0.9426006660611564
-0.9425756658595642
-0.9425476550680787
-0.9425075620084694
-0.9424886604172965
-0.9424667472793231
-0.942444847385917
-0.9424259818731119
-0.9424010872848083
-0.9423641304347826
-0.9423332327195895
-0.9423234761617385
-0.9423257918552034
-0.9423039806996382
-0.942279167922822
-0.9422513562386982
-0.9422145224465203
-0.9421867469879515
-0.9421619993977717
-0.9421432871763997
-0.9421245862172737
-0.9420908543922986
-0.9420481203007518
-0.9420174383644015
-0.9419927862939583
-0.9419801682692308
-0.9419495343947131
-0.94190990990991
-0.9418943260282198
-0.9418787515006
-0.9418631863186316
-0.9418386322735448
-0.9418080959520242
-0.9417895683453237
-0.9417770452502248
-0.9417675254643498
-0.9417490266546866
-0.9417215568862278
-0.9416731517509719
-0.9416487133453022
-0.94163924618606
-0.9416327751196168
-0.9416023916292976
-0.941580992229528
-0.9415596056169704
-0.9415412186379924
-0.9415168707076738
-0.9415044776119403
-0.9414950760966875
-0.941458830548926
-0.941419624217119
-0.9413834227787717
-0.9413651266766019
-0.9413587604290818
-0.9413315460232349
-0.9412954139368669
-0.9412712116701399
-0.9412589285714286
-0.9412436774769414
-0.9412314098750747
-0.941210228962236
-0.9411801426872765
-0.9411619613670128
-0.9411556743909684
-0.9411286011286015
-0.9411045130641328
-0.941083407539329
-0.9410593471810088
-0.9410412340551767
-0.9410172004744957
-0.9410020753038839
-0.9409869590989918
-0.9409570370370374
-0.9409182464454979
-0.9408972460763991
-0.9408910597986975
-0.9408700799052976
-0.9408520710059172
-0.9408163265306123
-0.9407894736842102
-0.9407626367129764
-0.9407505910165485
-0.9407355982274739
-0.9407088009450676
-0.9406790670209623
-0.9406523022432117
-0.9406314547064032
-0.9406135693215336
-0.9406045414332056
-0.9405778301886789
-0.9405599764220454
-0.9405421331761927
-0.9405213549337254
-0.9405094228504123
-0.9404886664704154
-0.9404708652148321
-0.9404442483083257
-0.9404088235294116
-0.9403793002058218
-0.9403468547912988
-0.9403379371143109
-0.9403172737955345
-0.9403083700440533
-0.9402818555490309
-0.9402582917522752
-0.9402376760563378
-0.9402200058668231
-0.9402082111436947
-0.9401876282615068
-0.9401553341148887
-0.9401289188397304
-0.9401054481546572
-0.9400937042459744
-0.9400819672131147
-0.9400409716125256
-0.9400058513750733
-0.9399912255045335
-0.9399795321637427
-0.9399619994153757
-0.9399532437171245
-0.9399240432369264
-0.9398977803738314
-0.9398686131386863
-0.9398540572095739
-0.9398365917712284
-0.9398162193698948
-0.9397841936424618
-0.9397609329446064
-0.9397318566015737
-0.9397144522144526
-0.9396854063501311
-0.9396592894583571
-0.9396331877729254
-0.9396129220023285
-0.9395926680244397
-0.9395607911576497
-0.9395376562954351
-0.9395348837209303
-0.9395117698343506
-0.9394683323649039
-0.9394394423467907
-0.93941637630662
-0.9393904208998548
-0.9393586767266394
-0.939335654192051
-0.9393184454756384
-0.9392896491736739
-0.9392695652173915
-0.9392465951897999
-0.9392207415990735
-0.9391804228207354
-0.9391401273885351
-0.9391172214182351
-0.9391087962962966
-0.9390945906855656
-0.9390543666859458
-0.9390170569528764
-0.9389971098265895
-0.9389742848887601
-0.9389485846331602
-0.9389171238810282
-0.9388885681293305
-0.9388744588744588
-0.938857472590883
-0.9388347274300546
-0.9388033448673585
-0.9387892764485443
-0.9387694524495679
-0.9387611639297032
-0.9387384792626731
-0.9387042902389866
-0.9386873920552671
-0.9386733812949636
-0.9386565017261222
-0.9386281276962901
-0.9386026451983901
-0.9385944236849675
-0.938580459770115
-0.9385607584027579
-0.9385353245261348
-0.938521389606661
-0.9385017221584381
-0.9384820659971302
-0.9384538152610442
-0.9384255807284194
-0.9384088302752294
-0.9383978217254227
-0.9383724928366759
-0.9383557719851048
-0.9383304696449027
-0.9383080446607502
-0.9382884945621066
-0.9382718168812589
-0.9382665903890154
-0.9382241921647123
-0.9381903945111489
-0.9381823378108028
-0.9381599999999998
-0.938140531276778
-0.9381153626499145
-0.9380759349129311
-0.9380507990867584
-0.9380114122681882
-0.9379834569309752
-0.9379612204163102
-0.9379275940706958
-0.9378854374465662
-0.9378461538461543
-0.9378182853887786
-0.937793280182233
-0.9377796754910328
-0.9377490039840637
-0.9377240398293033
-0.9377076222980655
-0.937676997441001
-0.9376577600909605
-0.9376385336743394
-0.9376079545454548
-0.9375859130928715
-0.9375582055650198
-0.9375333522565995
-0.9375000000000007
-0.9374865248226955
-0.9374617129892231
-0.9374567621207828
-0.9374404761904763
-0.9374043638424482
-0.9373767705382434
-0.9373520249221177
-0.9373244620611554
-0.9373054061703935
-0.937280701754386
-0.9372729844413012
-0.9372511312217197
-0.9372179813401186
-0.9371791972866026
-0.9371573890929638
-0.9371327683615818
-0.937105337475289
-0.9370863918690006
-0.9370448772226925
-0.9370259593679461
-0.9370126939351198
-0.9369994359842078
-0.9369692698054695
-0.9369475760992106
-0.9369258946182019
-0.9368985915492959
-0.9368797521824836
-0.9368468468468465
-0.9368195890796512
-0.9367867191896454
-0.9367679324894514
-0.9367463442069743
-0.9367135226314314
-0.936686340640809
-0.93667041303737
-0.9366601123595502
-0.9366385846672278
-0.9365889949466591
-0.9365562728038164
-0.9365375982042649
-0.9365245441795231
-0.9365058889512057
-0.9364676198486118
-0.9364293721973095
-0.9363995516951523
-0.9363753501400562
-0.9363707644917397
-0.9363437849944007
-0.936311223061853
-0.9362786793508674
-0.93626013986014
-0.9362360178970914
-0.93621750069891
-0.9361766349916151
-0.9361525565800507
-0.936131284916201
-0.9361072326165876
-0.9360915689558909
-0.9360647502093218
-0.936043526785714
-0.9360362622036262
-0.9360150585610708
-0.9359799275160304
-0.9359364548494985
-0.9359041515742544
-0.9358857938718659
-0.9358590921748818
-0.9358324053452116
-0.9357973838018371
-0.9357818586533108
-0.9357663421418636
-0.9357313681868743
-0.9357075340561576
-0.9356753752084486
-0.9356543484301194
-0.9356249999999998
-0.9356067758955844
-0.9355830094392004
-0.9355703580349711
-0.9355577136514984
-0.9355201109570038
-0.9354991680532444
-0.9354948710840035
-0.9354600886917956
-0.9354308672762537
-0.935404432132964
-0.9353807809471059
-0.9353543743078627
-0.9353279822861889
-0.9353071389042611
-0.9352835408022124
-0.9352710176991148
-0.9352502073541609
-0.9352321724709782
-0.9351920420005528
-0.9351602209944752
-0.9351339409003039
-0.9351159580342349
-0.935089704664643
-0.9350634657836643
-0.9350399999999998
-0.9350165471594043
-0.9349986214502342
-0.9349724366041898
-0.934960044089281
-0.934939393939394
-0.934904984852658
-0.9348816079295149
-0.9348692540600055
-0.9348458998348924
-0.9348253094910592
-0.9348019801980196
-0.9347676656585098
-0.9347471137987902
-0.9347238252267107
-0.9347087912087914
-0.934691018950837
-0.9346705107084021
-0.9346417787537746
-0.9346020856201974
-0.9345925925925929
-0.9345885902358749
-0.934565396216068
-0.9345422149122805
-0.9345245272677448
-0.9345095890410958
-0.9344864420706656
-0.9344523548740414
-0.9344155488639478
-0.9343924466338257
-0.934374829001368
-0.9343572210065646
-0.9343450916051406
-0.9343247676325858
-0.9342962558075975
-0.934262295081967
-0.9342611308385688
-0.9342463134898965
-0.9342233142233143
-0.9341866812227074
-0.9341691678035469
-0.9341598472449535
-0.9341205344968637
-0.9340866957470013
-0.9340501499046061
-0.9340272479564028
-0.9340098065922092
-0.934003267973856
-0.9339885652055537
-0.9339548176374525
-0.9339374149659867
-0.9339173014145814
-0.9338999184117489
-0.9338743882544864
-0.9338597444957866
-0.9338396739130436
-0.933816897582179
-0.9337941336230309
-0.9337768123812112
-0.9337432138979367
-0.9337123473541381
-0.9336896364622901
-0.9336560889612149
-0.9336334056399133
-0.933597180807807
-0.9335636856368562
-0.9335410457870493
-0.9335238353196098
-0.9335066341727597
-0.9334894423389279
-0.9334587280108252
-0.9334334415584415
-0.9333973492020557
-0.9333720930232556
-0.9333414436334141
-0.9333027027027033
-0.9332747905971359
-0.9332631010264721
-0.9332460167431809
-0.9332154427645789
-0.9331821862348177
-0.9331570426335668
-0.9331534933908822
-0.9331337648327944
-0.9331086546238876
-0.9330646900269538
-0.9330450013473458
-0.9330199353448277
-0.932992189604094
-0.9329698438341409
-0.9329475100942125
-0.9329251883745965
-0.9329082593489372
-0.9328940290478753
-0.9328771175047058
-0.9328682795698922
-0.9328460091373291
-0.9328049435787213
-0.9327800161160353
-0.9327631578947368
-0.9327463087248324
-0.9327241009125067
-0.9327019050174399
-0.9326770386266093
-0.9326575489407349
-0.9326300268096517
-0.9326078799249531
-0.9325937834941047
-0.9325689793731584
-0.9325361542581679
-0.9324926372155281
-0.9324732334047114
-0.9324618678084025
-0.9324451578384163
-0.9324124097352233
-0.9323823529411763
-0.9323736968724942
-0.9323516835916626
-0.932324338765696
-0.9322996794871793
-0.9322723631508678
-0.9322477309129741
-0.9322417934347478
-0.932211846318036
-0.9321819151773808
-0.9321573333333336
-0.9321327645961078
-0.9321188699360338
-0.932094324540367
-0.9320591369206184
-0.9320266311584553
-0.932007454739084
-0.9319936119244082
-0.9319584885577434
-0.9319366852886399
-0.9319175531914897
-0.9318984312682801
-0.9318740031897919
-0.9318336433696518
-0.9318012752391076
-0.9317822045152719
-0.9317472118959108
-0.9317255110167245
-0.9317011677282376
-0.9316688776863888
-0.931636604774536
-0.9316149562450273
-0.931595970307529
-0.9315769944341377
-0.9315553789083202
-0.9315390728476827
-0.93151218220339
-0.9314853057982526
-0.9314610905240868
-0.9314289494575287
-0.9313968253968257
-0.9313726527373712
-0.9313564251718667
-0.9313481363996822
-0.9313372093023251
-0.9313130779392342
-0.9312731114632855
-0.9312516503828888
-0.9312275607180572
-0.9312061229875959
-0.9311952506596309
-0.9311791084146662
-0.9311761603375532
-0.9311389401529131
-0.9311149182920404
-0.9311146245059291
-0.9311011591148582
-0.9310639978930731
-0.9310373880989993
-0.9310186891287181
-0.9310105263157893
-0.9309971060247304
-0.9309784324039978
-0.9309597686037334
-0.9309437434279711
-0.9309303547963205
-0.9309064634787185
-0.9308825847123721
-0.9308771008403361
-0.9308532423208198
-0.9308215223097109
-0.9307976908947783
-0.9307764952780693
-0.9307605559926567
-0.9307393812270581
-0.9307155963302755
-0.9306996855345914
-0.930673303641603
-0.9306521739130428
-0.9306389107096095
-0.9306151832460736
-0.9305809997382888
-0.9305625327053895
-0.9305362280931202
-0.9305099372384938
-0.9304967320261437
-0.9304626241505488
-0.9304154690357985
-0.9303840125391849
-0.9303734656568295
-0.9303524804177544
-0.9303341164186899
-0.9303131524008351
-0.9302895903991653
-0.9302608242044862
-0.9302346805736638
-0.9302111574556833
-0.9301850403961431
-0.9301589369463259
-0.9301354519406096
-0.9301197916666669
-0.9300989325696432
-0.9300832899531489
-0.9300598490762424
-0.9300234131113422
-0.9299947984395321
-0.9299895995839833
-0.9299662074343644
-0.9299454261954263
-0.9299168615224732
-0.9298883116883119
-0.9298753570501168
-0.9298650051921077
-0.929841681806384
-0.9298105864037364
-0.9297821011673146
-0.9297640041493775
-0.9297536945812809
-0.9297382063245206
-0.929717543405027
-0.9296891191709844
-0.9296632996632996
-0.9296400828586218
-0.9296246440590212
-0.9295988612836438
-0.9295834411384217
-0.9295602690118985
-0.9295319369019909
-0.9295062047569803
-0.9294830705608684
-0.9294754521963828
-0.9294549212089899
-0.9294266528925619
-0.9293983991737668
-0.9293727413526072
-0.9293548387096773
-0.9293343653250773
-0.9293113231880319
-0.9292728210417737
-0.929249806651199
-0.9292422680412369
-0.9292270033496521
-0.9292220504894384
-0.9291913468967291
-0.9291580844490216
-0.9291325611325609
-0.9291250643335052
-0.9291201440699772
-0.9290920781893006
-0.9290640267420932
-0.9290462724935736
-0.9290388075044977
-0.9290339157245632
-0.9290059080400718
-0.928977914740626
-0.928955070603338
-0.9289425051334702
-0.928937644341801
-0.9289122626988199
-0.9288894588355993
-0.928879487179487
-0.9288567034093823
-0.9288339313172724
-0.9288239815526521
-0.9288063524590164
-0.9287887323943661
-0.9287685611879164
-0.9287560788328635
-0.9287333674513816
-0.9287106676899463
-0.9286854219948851
-0.9286601892099202
-0.9286400817995903
-0.9286302070023001
-0.9286075625958096
-0.9285747126436783
-0.9285520939734424
-0.9285243809037529
-0.928519652884125
-0.928504720591988
-0.9284846938775512
-0.9284570262688093
-0.928421723610403
-0.9283991842977312
-0.9283919469928645
-0.9283745222929931
-0.9283571064696895
-0.9283295136236319
-0.9283019348268837
-0.9282896411300589
-0.928279898218829
-0.9282701602645638
-0.9282527975584945
-0.9282227307398934
-0.9282003050330452
-0.928177890724269
-0.9281732723577231
-0.9281508763017524
-0.9281310309801928
-0.9281061183041384
-0.9280786802030454
-0.9280588683075364
-0.9280390664637242
-0.9280243469439508
-0.9279994929006088
-0.9279594423320658
-0.9279295489102889
-0.9279300734735243
-0.927922998986829
-0.9279057989364397
-0.9278784810126582
-0.9278334598835737
-0.9278162955465585
-0.9278067290665316
-0.9277946383409206
-0.927772439949431
-0.9277451971688572
-0.9277230224917866
-0.9277059120768056
-0.927691336196009
-0.9276868686868689
-0.9276571572835146
-0.9276274608783449
-0.9276154428463289
-0.9275983854692231
-0.9275838587641873
-0.9275693393847707
-0.9275497857322912
-0.9275277217741936
-0.9275107079868983
-0.9275012594458443
-0.9274792243767314
-0.9274572004028202
-0.9274377045054115
-0.9274182184197283
-0.9273987421383647
-0.9273641851106644
-0.9273472466683431
-0.9273252890899948
-0.9273108821311888
-0.9272914572864329
-0.9272695302687769
-0.9272551481667505
-0.9272357519457697
-0.9272188755020078
-0.927196988707654
-0.9271851480180631
-0.9271733132681212
-0.9271639919759277
-0.9271521684632745
-0.9271378446115286
-0.9271285392132299
-0.9271092184368738
-0.9270974204858505
-0.9270731096644969
-0.9270463078848562
-0.9270395395395395
-0.9270327745809362
-0.9270160080040024
-0.9270017504376094
-0.9269750000000002
-0.92694576355911
-0.9269315342328837
-0.9269223082687987
-0.9269080919080921
-0.9268938826466919
-0.926879680479281
-0.92685799850262
-0.9268388223552892
-0.9268296333250187
-0.9268129675810477
-0.9268087758663675
-0.9267996011964109
-0.926777971592325
-0.9267438963627302
-0.9267148194271484
-0.9266932270916337
-0.926686582026388
-0.9266749626679938
-0.9266484200049762
-0.9266268656716419
-0.9266102959462817
-0.9265987071108901
-0.9265896097439722
-0.9265606361829026
-0.9265316770186338
-0.9265250869349227
-0.9265135336478764
-0.9265019860973186
-0.9264829982625962
-0.9264565756823822
-0.926430166211858
-0.926423611111111
-0.9264244978923878
-0.926403073872088
-0.926374225526642
-0.9263429137760163
-0.9263240029725042
-0.9263224368499254
-0.9263109680614013
-0.9262920792079207
-0.9262756743380356
-0.926256803562592
-0.926230521889686
-0.9262116716122651
-0.926195302843016
-0.9261789421651011
-0.9261576476402276
-0.9261413043478263
-0.9261224993825636
-0.9261111111111113
-0.9260972599358182
-0.9260809476801586
-0.9260523069331363
-0.9260310804144055
-0.9260221948212086
-0.9260108481262326
-0.9259797880207055
-0.9259388861508132
-0.9259251047055925
-0.9259088669950738
-0.9258852499384385
-0.9258665681930087
-0.9258552793502333
-0.9258341535433067
-0.9258105781057807
-0.9257771765863254
-0.9257462503073518
-0.9257276302851528
-0.9257139346276726
-0.9256953316953316
-0.9256767379022354
-0.9256606090373277
-0.9256371225141174
-0.925621011291114
-0.9255975460122694
-0.9255740922473014
-0.9255457444199168
-0.9255247670426683
-0.9255037999509683
-0.9254877450980394
-0.9254667973535898
-0.9254409603135713
-0.9254273818270877
-0.9254089128305583
-0.9253855569155447
-0.9253671071953009
-0.9253560068509908
-0.9253326810176128
-0.9253093665932988
-0.9252885085574569
-0.925267660718651
-0.9252590420332356
-0.9252406547764477
-0.9252076209086474
-0.9251843711843706
-0.92516357421875
-0.9251403465950686
-0.9251195705222065
-0.9250988045864843
-0.9250756097560978
-0.9250548646671541
-0.9250390053632374
-0.925025591030953
-0.9250219298245618
-0.9249987819732035
-0.9249634680954699
-0.9249427806184563
-0.9249221032132424
-0.9249111706011195
-0.924895377128954
-0.9248674288494285
-0.9248394941634241
-0.9248237296377338
-0.924810403500243
-0.9247873633049817
-0.924766763848397
-0.9247534612581978
-0.9247425934919865
-0.9247147365865502
-0.9246868932038835
-0.9246663431206019
-0.9246482290150412
-0.9246325491147225
-0.9246120271580992
-0.9245987878787878
-0.924583131362094
-0.9245626362975525
-0.9245397286821704
-0.9245168321627512
-0.924489104116223
-0.9244710723795693
-0.9244506292352372
-0.924439874183402
-0.9244267053701019
-0.9243869407496977
-0.9243592843326885
-0.9243461445491903
-0.9243233446109227
-0.9243078038173473
-0.9242898550724636
-0.9242695001207436
-0.9242539835828102
-0.9242288196958727
-0.9242084942084943
-0.9241881785283474
-0.9241702846116737
-0.9241620448517002
-0.9241369334619088
-0.9241190648349001
-0.9241108433734945
-0.9240929896410504
-0.9240775529865126
-0.9240621237659522
-0.924032258064516
-0.9240120336943438
-0.9239846005774781
-0.9239571806591295
-0.9239393939393935
-0.9239095936523205
-0.9238798076923078
-0.9238596491228072
-0.9238587217683805
-0.9238481864040358
-0.9238256484149854
-0.9238055222088835
-0.9237854056649065
-0.9237700983921284
-0.9237476007677543
-0.9237299112497003
-0.9237050359712227
-0.9236897626468474
-0.9236768935762223
-0.923659237958303
-0.9236511739338766
-0.9236359281437128
-0.923618295019157
-0.92359348814939
-0.9235806606031595
-0.9235630533620484
-0.9235454545454546
-0.9235278641473331
-0.9235054997608799
-0.9234879273248864
-0.9234775334608032
-0.9234647550776581
-0.9234424271380794
-0.923422498208741
-0.923402578796562
-0.9233731200763906
-0.9233579952267301
-0.9233571939871151
-0.9233540076335879
-0.9233341283090867
-0.923314258464473
-0.9232991656734206
-0.9232864632983797
-0.9232832975935196
-0.9232634587899
-0.9232483924743992
-0.9232357142857139
-0.9232111402047132
-0.9231865778200856
-0.9231763026409707
-0.9231707897240724
-0.9231629013079663
-0.9231359961959105
-0.9231043498930359
-0.9230964828897334
-0.9230814920408651
-0.9230593824228029
-0.9230301591071006
-0.9230104463437797
-0.9229978637550438
-0.9229852871381109
-0.9229703440094901
-0.922957779886148
-0.9229475930756458
-0.9229255571360837
-0.922898791182745
-0.9228791469194314
-0.9228666192845298
-0.922856466129796
-0.9228368458441868
-0.9228101325757572
-0.9227905325443791
-0.9227780407004267
-0.9227679205110003
-0.9227530747398295
-0.922740600614803
-0.9227281323877071
-0.9227062160245808
-0.9226795841209827
-0.9226647767540745
-0.9226452527161078
-0.9226304604486422
-0.9226156751652499
-0.9225961765400044
-0.9225743275129777
-0.9225666430761976
-0.9225566037735854
-0.9225442112709267
-0.9225223950966521
-0.9224911619137398
-0.9224693685202636
-0.9224546525323913
-0.9224422986340081
-0.9224323051565808
-0.9224152542372885
-0.9224029183337257
-0.9223835294117646
-0.9223594448365088
-0.9223424270931325
-0.9223230660710088
-0.9223131170662907
-0.922305522914219
-0.922281484962406
-0.9222574583039699
-0.9222334429309543
-0.9222117868044137
-0.9222112676056338
-0.92219197371509
-0.9221586109807602
-0.9221393384940185
-0.9221364915572239
-0.9221172332942555
-0.9220932958274735
-0.9220740567143193
-0.9220641986879098
-0.9220426329351138
-0.9220257611241217
-0.9220135799578552
-0.9219873595505619
-0.9219728527966298
-0.9219466541881141
-0.9219368421052636
-0.9219270346117869
-0.9219032031797988
-0.9218887330528281
-0.9218742696891797
-0.9218691588785052
-0.9218453632328893
-0.9218122372723028
-0.9217837964043895
-0.921764705882353
-0.921761960326721
-0.9217452169855346
-0.9217261488220203
-0.9217164179104479
-0.9216927022615994
-0.9216736596736598
-0.9216499650431135
-0.9216239515377442
-0.9216072676450032
-0.9215859338612019
-0.9215692665890568
-0.9215526070763499
-0.9215406097277169
-0.9215193113075851
-0.9214980227959988
-0.921467441860465
-0.9214554754708207
-0.9214388656438867
-0.9214199395770393
-0.9213940520446099
-0.9213588850174217
-0.9213399907106367
-0.921325748781054
-0.9213022284122567
-0.9212740775121834
-0.9212552204176333
-0.9212433310136859
-0.9212221706864564
-0.9212056573150942
-0.9211798794622156
-0.9211564310544612
-0.9211468952734009
-0.9211188325225851
-0.9210954145437704
-0.9210650613567961
-0.9210578703703703
-0.921039111316825
-0.9210111059694585
-0.9209900532037939
-0.9209805735430158
-0.9209641618497113
-0.9209431345353675
-0.9209290501502195
-0.9209057301293904
-0.9208893508893506
-0.9208706697459583
-0.9208450704225348
-0.9208171745152356
-0.920793907223633
-0.9207752653437935
-0.9207612456747409
-0.9207449261992623
-0.9207193912842985
-0.9206938681420007
-0.9206798801567182
-0.9206797235023042
-0.9206611379866391
-0.9206517733763241
-0.9206309002993324
-0.920598526703499
-0.9205799769850407
-0.9205660377358482
-0.9205544053370138
-0.9205427782888687
-0.9205242584502186
-0.9205011494252875
-0.9204849459894278
-0.9204733455882353
-0.9204663450493911
-0.9204501607717043
-0.9204362801377727
-0.9204017447199264
-0.9203787009410146
-0.9203763194125745
-0.9203624684560684
-0.9203417431192662
-0.920318734235267
-0.9202934433745985
-0.9202750401100164
-0.9202681026581119
-0.9202474226804117
-0.9202404947320203
-0.920224410350355
-0.9201945970695975
-0.9201831082627594
-0.9201716247139587
-0.9201601464195832
-0.9201463860933213
-0.9201349188200325
-0.9201165980795609
-0.9201028571428569
-0.9200708409506397
-0.9200319853781131
-0.9200045682960258
-0.9199954327472024
-0.9199954337899547
-0.9199794567450355
-0.9199543587403011
-0.9199224275610314
-0.9199019160583944
-0.9198973774230336
-0.9198860009119927
-0.9198609528151355
-0.9198381950774839
-0.9198154477101845
-0.9198018223234621
-0.91978364837167
-0.9197609289617489
-0.9197427725927615
-0.9197246244879379
-0.9197064846416381
-0.919683803457689
-0.9196611325904022
-0.9196452933151431
-0.9196249147533528
-0.9196136363636361
-0.9195955464667118
-0.9195797364834166
-0.9195571201453555
-0.9195322434150768
-0.9195141884222471
-0.9195074897866548
-0.9194917177218062
-0.9194827586206894
-0.9194647312315716
-0.9194512471655328
-0.9194400362729539
-0.9194174977334538
-0.9194017675050987
-0.9193837788853649
-0.9193680634201581
-0.9193455615942032
-0.9193185419968313
-0.9193028519692166
-0.9192939579090291
-0.9192760180995472
-0.919242252883963
-0.9192175486205333
-0.919206420981234
-0.9191975587703434
-0.9191796610169491
-0.9191595119746953
-0.9191438897673369
-0.919137308039747
-0.9191194400541884
-0.9191083521444696
-0.9190814714511403
-0.9190568592057758
-0.9190412812993461
-0.9190302210193952
-0.9190259301014655
-0.9190148782687111
-0.9189993238674781
-0.91897476340694
-0.9189637305699481
-0.9189414414414415
-0.9189124071155145
-0.9188946420531297
-0.9188791357191086
-0.9188681368136815
-0.918854893138358
-0.9188439046333784
-0.9188194288284237
-0.9187927158273379
-0.9187817487075749
-0.9187662921348319
-0.9187530891934397
-0.9187241689128478
-0.9186997529755224
-0.9186820835204316
-0.9186711560044897
-0.9186490125673251
-0.9186156607583574
-0.9185935397039029
-0.9185736712267323
-0.9185515695067266
-0.9185362026451469
-0.918523083818915
-0.9185077302263052
-0.9184834229390679
-0.9184636058230689
-0.9184482758620685
-0.9184262368479963
-0.9184042076991943
-0.9183732378608193
-0.918348993288591
-0.9183381793782155
-0.9183318425760281
-0.9183143304270063
-0.9182923558337055
-0.9182614525139664
-0.9182439678284186
-0.9182242573151663
-0.9182134881643594
-0.9182049564634959
-0.9181897321428575
-0.918149966525329
-0.9181280678268628
-0.9181240240910101
-0.9181132917038358
-0.9180869565217392
-0.9180606330806954
-0.9180320927122798
-0.918014705882353
-0.9179839607930499
-0.9179599109131402
-0.9179447784457804
-0.9179318788958145
-0.9179100823503223
-0.9178927458834
-0.9178642936596215
-0.9178447508896798
-0.917822993106515
-0.9177967985771454
-0.9177706156923761
-0.9177533333333333
-0.9177360586536326
-0.9177276765881827
-0.9177015323117922
-0.9176798401420961
-0.9176803551609324
-0.9176586773191303
-0.9176214777013536
-0.9175842945873999
-0.9175626524728319
-0.9175631929046564
-0.9175659499002436
-0.9175509751773048
-0.9175227121648564
-0.9175055383252106
-0.9174972314507202
-0.9174844995571304
-0.917471773300863
-0.9174479858344396
-0.9174308475326398
-0.9174115044247787
-0.9173965936739655
-0.9173728438743918
-0.9173491045766088
-0.9173297966401414
-0.9173082872928178
-0.9172889969067617
-0.9172630881378392
-0.9172393992932868
-0.9172135129167586
-0.9171942604856511
-0.9171706025160014
-0.9171403353927624
-0.9171277299801459
-0.9171063078958973
-0.9170915104740902
-0.9170723104056436
-0.9170619351994712
-0.9170427501101804
-0.9170235734743334
-0.9170066079295154
-0.9169896498568596
-0.9169749009247026
-0.9169513537310151
-0.9169300176056341
-0.916915291529153
-0.9168895732512099
-0.9168792610512425
-0.9168667546174143
-0.9168454605407783
-0.9168285714285715
-0.9168160843770599
-0.9168079964850614
-0.9167999121458378
-0.9167764602547215
-0.916739846322722
-0.9167186128182617
-0.9167149440421329
-0.9167046950416848
-0.9166922570739195
-0.9166644736842102
-0.9166476649857488
-0.9166396317404645
-0.9166206443129521
-0.9165972830850128
-0.9165783132530114
-0.9165615418309244
-0.9165425881322526
-0.9165258318739052
-0.9165178376012255
-0.9165098468271338
-0.9164952964340404
-0.9164785651793523
-0.9164596544937678
-0.9164494971578491
-0.9164415300546449
-0.9164095279720277
-0.9163819095477385
-0.9163630406290959
-0.9163529154837297
-0.916340611353712
-0.916321763807029
-0.9163007420340468
-0.9162906393192233
-0.9162827225130892
-0.9162639040348963
-0.916253815961622
-0.9162393721386521
-0.9162227550130777
-0.9162061451296581
-0.9161917211328976
-0.9161751252450445
-0.9161411149825784
-0.9161267145656435
-0.9161210274270783
-0.916108813928183
-0.9160879025239339
-0.9160539482271048
-0.916030882992605
-0.9160100021743856
-0.915991304347826
-0.9159791349706582
-0.9159604519774013
-0.9159352596132954
-0.915920938314509
-0.9159066232356132
-0.9159009986973514
-0.9158866941610592
-0.9158593749999997
-0.9158298980256021
-0.9158134490238613
-0.915803513337671
-0.9157914137033825
-0.9157728159549103
-0.9157455570004335
-0.9157269772481041
-0.9157084055459268
-0.9156941737058695
-0.91567994802945
-0.9156549036588006
-0.9156406926406924
-0.9156199956719324
-0.9156057983556903
-0.9155872809863724
-0.9155536332179934
-0.9155308108108106
-0.915529615218331
-0.9155111303220234
-0.9154840103716505
-0.915469863901491
-0.9154470842332616
-0.9154286331245948
-0.9154080310880834
-0.9153874379451759
-0.9153776435045314
-0.9153549083063643
-0.9153300258843831
-0.9153073107612683
-0.9152867615351444
-0.9152619098943734
-0.9152327586206898
-0.9152057746175387
-0.9151938819474366
-0.9151863019599398
-0.9151636520241171
-0.9151410118406886
-0.915114076625054
-0.9150936087798576
-0.9150796041308091
-0.9150656055065605
-0.9150580645161296
-0.9150354762416688
-0.9150021496130691
-0.914977433913604
-0.9149699183498062
-0.9149602577873259
-0.9149355670103095
-0.9149108868370195
-0.9148840704164877
-0.914865851040996
-0.9148519313304722
-0.9148272902810554
-0.9148090948090948
-0.9147909071413254
-0.9147727272727271
-0.9147502679528404
-0.9147385340762965
-0.9147375187486608
-0.9147279348757499
-0.914696937245663
-0.9146745182012853
-0.914652108756155
-0.9146382705479451
-0.9146180184035952
-0.9145999144201968
-0.9145732620320861
-0.9145508982035931
-0.9145306820611503
-0.9145233005557931
-0.9144945501175463
-0.9144700854700855
-0.9144520401623591
-0.9144340025630069
-0.914422378816998
-0.9143979504696839
-0.9143692636072575
-0.9143555271020058
-0.9143481971410286
-0.9143238054607514
-0.9143036894860315
-0.9142814498933903
-0.914263483265828
-0.9142412617220798
-0.9142169188152566
-0.9141819343843204
-0.9141746538871139
-0.9141652470187392
-0.914140941026187
-0.914123031077054
-0.9141051287507982
-0.9140914893617023
-0.9140778557753666
-0.9140578477243722
-0.9140357218796512
-0.9140114795918366
-0.9139978746014877
-0.9139757756056097
-0.9139579349904402
-0.9139379779099412
-0.913930770864302
-0.9139150743099791
-0.9138951390362974
-0.9138794567062821
-0.9138659028219817
-0.9138459906661012
-0.9138091198303289
-0.9137892281594573
-0.9137757048971796
-0.9137643069097069
-0.913746556473829
-0.9137203389830507
-0.9136920144037277
-0.9136806437950021
-0.9136629261062886
-0.9136409822184592
-0.9136169312169309
-0.9135886584849768
-0.9135582822085888
-0.9135427241962778
-0.9135271727637979
-0.9135221987315009
-0.9134982033396745
-0.9134615384615384
-0.9134396788506232
-0.9134241656104771
-0.9134149947201691
-0.9133889358108109
-0.9133628879037368
-0.913347403967919
-0.9133277062671452
-0.9133037974683549
-0.9132777894958864
-0.91326233656685
-0.9132532152646007
-0.9132314502529507
-0.9131907270811382
-0.9131626632954065
-0.9131619970507684
-0.9131444818871098
-0.9131248683933463
-0.9131073684210526
-0.9130919806356559
-0.9130723905723903
-0.9130443930149381
-0.9130143037442153
-0.9130031545741327
-0.912994112699748
-0.9129808702964053
-0.9129571248423706
-0.9129249842403864
-0.9129012605042018
-0.9129027515227892
-0.9128916421671568
-0.9128658408566028
-0.9128358522250217
-0.9128079748163693
-0.9127885018883761
-0.9127858191734844
-0.9127684563758385
-0.912740616481443
-0.9127190775681341
-0.9126975476839236
-0.9126655490360437
-0.9126503247433482
-0.9126351068286553
-0.9126261780104712
-0.9126193467336678
-0.912591584676575
-0.9125742988698198
-0.9125549278091647
-0.9125355648535565
-0.912509935160008
-0.9125052279381013
-0.9124900689943555
-0.9124644648829429
-0.9124388714733542
-0.9124132887588801
-0.9124002506789222
-0.912374686716792
-0.9123574859051995
-0.9123319415448854
-0.9123022333542059
-0.9122746243739567
-0.9122491132902152
-0.9122277847309137
-0.9122231491136599
-0.912226855713094
-0.9122138836772983
-0.9121759066277616
-0.9121587830798084
-0.9121437499999995
-0.9121349718808583
-0.9121241149521033
-0.9120924422236106
-0.9120753538717737
-0.9120561914672214
-0.91204327923429
-0.9120220511753694
-0.9119987520798672
-0.9119733832397587
-0.9119542619542615
-0.9119372271876948
-0.9119077306733167
-0.9118824018283811
-0.9118737017033645
-0.9118608515057115
-0.9118459302325579
-0.9118289391737597
-0.9118140307181405
-0.9117970533305665
-0.9117883817427388
-0.9117734909769759
-0.9117461634176689
-0.9117292141820447
-0.9117184908789387
-0.911709844559585
-0.9117032739328634
-0.9116842759477938
-0.91167149958575
-0.9116649409815696
-0.9116501035196685
-0.9116414820948038
-0.9116287251655625
-0.9116076970825572
-0.9115928837401737
-0.9115780765253362
-0.9115591397849466
-0.91154641306595
-0.9115460934270361
-0.9115313081215127
-0.9115227272727273
-0.9115017558355711
-0.9114807930607192
-0.9114680982861862
-0.911465730800991
-0.9114592363261091
-0.9114444903012796
-0.9114173715700435
-0.9113964521452144
-0.9113858527531451
-0.9113752577319592
-0.9113564213564211
-0.9113334707337182
-0.9113167113125903
-0.9113020189534404
-0.9112914521112255
-0.9112767710049425
-0.9112559192917439
-0.9112371346233017
-0.9112224737600328
-0.9112057613168726
-0.9111869985599667
-0.9111764705882348
-0.911170059633971
-0.9111574835526318
-0.9111428571428573
-0.9111282367447596
-0.9111115677008418
-0.9110969597370581
-0.9110741425344012
-0.9110554414784394
-0.9110346951344691
-0.9110221674876847
-0.9110178534783505
-0.910997127615921
-0.9109805128205132
-0.9109659557013948
-0.9109637071970476
-0.9109450594505946
-0.9109182209469151
-0.9109057377049181
-0.9108912108174552
-0.9108705448586647
-0.910851935285685
-0.9108374283374281
-0.9108290685772771
-0.9108166189111745
-0.9107939431143847
-0.9107692307692306
-0.9107486193495603
-0.910725971370143
-0.9107074217951342
-0.9106929681112019
-0.9106826078070712
-0.9106640784634245
-0.9106516853932588
-0.9106290849673202
-0.9106044517051256
-0.9105859534503878
-0.9105756276791181
-0.9105551020408166
-0.9105427463782901
-0.9105344757241939
-0.9105180501733635
-0.9104995921696575
-0.9104791029561669
-0.9104525071341216
-0.910446301202364
-0.9104400977995111
-0.910425748624975
-0.9104012219959265
-0.9103828140908169
-0.9103705211726384
-0.9103602686749445
-0.9103520553520554
-0.9103377416073245
-0.9103030919446704
-0.9102786251779544
-0.910266368442456
-0.9102602154909535
-0.9102520325203254
-0.9102275960170699
-0.9102031694433158
-0.9101787527930122
-0.9101665312753859
-0.9101482233502538
-0.9101319529029639
-0.9100974223665517
-0.910079139610389
-0.9100669506999394
-0.9100588235294118
-0.9100486716690326
-0.9100202757502028
-0.9100020271639974
-0.9099797324685855
-0.9099696048632216
-0.9099615072933552
-0.9099311322665586
-0.9099149453219922
-0.9098987649321727
-0.9098805668016194
-0.909864399919045
-0.9098502630513962
-0.9098482702812056
-0.9098321197411003
-0.9098119312436801
-0.9097957945814801
-0.9097776430159683
-0.9097635408245754
-0.9097555061628612
-0.9097494949494949
-0.9097313674005254
-0.9097092084006461
-0.9096789824348878
-0.9096628986677431
-0.9096569122098893
-0.9096589991928972
-0.9096469638894489
-0.9096147640177494
-0.9095906432748535
-0.9095745967741936
-0.9095686353557749
-0.9095546150745664
-0.9095466451742901
-0.9095165189363417
-0.9095045317220541
-0.9094925493354812
-0.9094785584860071
-0.909464573268921
-0.9094606560676189
-0.9094486921529178
-0.9094347213840273
-0.9094026548672565
-0.9093806555399155
-0.909376759147568
-0.909350753768844
-0.9093247588424432
-0.9092947558770339
-0.9092768179991962
-0.9092649126330585
-0.909246987951807
-0.9092270628387876
-0.9091991168205543
-0.9091751956652618
-0.9091693418940612
-0.9091654964894686
-0.9091536301644604
-0.9091297373170246
-0.9091018444266239
-0.9090920024052918
-0.9090861723446895
-0.9090763374073328
-0.9090584935897439
-0.9090306429000599
-0.9090108129755705
-0.9089969969969975
-0.9089771817453962
-0.908963378026816
-0.9089495798319325
-0.9089377875575114
-0.9089260000000006
