-1.0
-1.0
-1.0
-1.0
-1.0
-1.0
-1.0
-1.0
-1.0
-1.0
-1.0
-1.0
-1.0
-1.0
-1.0
-1.0
-1.0
-1.0
-1.0
-1.0
-1.0
-1.0
-1.0
-1.0
-1.0
-1.0
-1.0
-1.0
-1.0
-1.0
-1.0
-1.0
-1.0
-1.0
-1.0
-1.0
-1.0
-1.0
-1.0
-1.0
-1.0
-1.0
-1.0
-1.0
-1.0
-1.0
-1.0
-1.0
-1.0
-1.0
-1.0
-1.0
-1.0
-1.0
-1.0
-1.0
-1.0
-1.0
-1.0
-1.0
-1.0
-1.0
-1.0
-1.0
-1.0
-1.0
-1.0
-1.0
-1.0
-1.0
-1.0
-1.0
-1.0
-1.0
-1.0
-1.0
-1.0
-1.0
-1.0
-1.0
-1.0
-1.0
-1.0
-1.0
-1.0
-1.0
-1.0
-1.0
-1.0
-1.0
-1.0
-1.0
-1.0
-1.0
-1.0
-1.0
-1.0
-1.0
-1.0
-1.0
-1.0
-1.0
-1.0
-1.0
-1.0
-1.0
-1.0
-1.0
-1.0
-1.0
-1.0
-1.0
-1.0
-1.0
-1.0
-1.0
-1.0
-1.0
-1.0
-1.0
-1.0
-1.0
-1.0
-1.0
-1.0
-1.0
-1.0
-1.0
-1.0
-1.0
-1.0
-1.0
-1.0
-1.0
-1.0
-1.0
-1.0
-1.0
-1.0
-1.0
-1.0
-1.0
-1.0
-1.0
-1.0
-1.0
-1.0
-1.0
-1.0
-1.0
-1.0
-1.0
-1.0
-1.0
-1.0
-1.0
-1.0
-1.0
-1.0
-1.0
-1.0
-1.0
-1.0
-1.0
-1.0
-1.0
-1.0
-1.0
-1.0
-1.0
-1.0
-1.0
-1.0
-1.0
-1.0
-1.0
-1.0
-1.0
-1.0
-1.0
-1.0
-1.0
-1.0
-1.0
-1.0
-1.0
-1.0
-1.0
-1.0
-1.0
-1.0
-1.0
-1.0
-1.0
-1.0
-1.0
-1.0
-1.0
-1.0
-1.0
-1.0
-1.0
-1.0
-1.0
-1.0
-1.0
-1.0
-1.0
-1.0
-1.0
-1.0
-1.0
-1.0
-1.0
-1.0
-1.0
-1.0
-1.0
-1.0
-1.0
-1.0
-1.0
-1.0
-1.0
-1.0
-1.0
-1.0
-1.0
-1.0
-1.0
-1.0
-1.0
-1.0
-1.0
-1.0
-1.0
-1.0
-1.0
-1.0
-1.0
-1.0
-1.0
-1.0
-1.0
-1.0
-1.0
-1.0
-1.0
-1.0
-1.0
-1.0
-1.0
-1.0
-1.0
-1.0
-1.0
-1.0
-1.0
-1.0
-1.0
-1.0
-1.0
-1.0
-1.0
-1.0
-1.0
-1.0
-1.0
-1.0
-1.0
-1.0
-1.0
-1.0
-1.0
-1.0
-1.0
-1.0
-1.0
-1.0
-1.0
-1.0
-1.0
-1.0
-1.0
-1.0
-1.0
-1.0
-1.0
-1.0
-1.0
-1.0
-1.0
-1.0
-1.0
-1.0
-1.0
-1.0
-1.0
-1.0
-1.0
-1.0
-1.0
-1.0
-1.0
-1.0
-1.0
-1.0
-1.0
-1.0
-1.0
-1.0
-1.0
-1.0
-1.0
-1.0
-1.0
-1.0
-1.0
-1.0
-1.0
-1.0
-1.0
-1.0
-1.0
-1.0
-1.0
-1.0
-1.0
-1.0
-1.0
-1.0
-1.0
-1.0
-1.0
-1.0
-1.0
-1.0
-1.0
-1.0
-1.0
-1.0
-1.0
-1.0
-1.0
-1.0
-1.0
-1.0
-1.0
-1.0
-1.0
-1.0
-1.0
-1.0
-1.0
-1.0
-1.0
-1.0
-1.0
-1.0
-1.0
-1.0
-1.0
-1.0
-1.0
-1.0
-1.0
-1.0
-1.0
-1.0
-1.0
-1.0
-1.0
-1.0
-1.0
-1.0
-1.0
-1.0
-1.0
-1.0
-1.0
-1.0
-1.0
-1.0
-1.0
-1.0
-1.0
-1.0
-1.0
-1.0
-1.0
-1.0
-1.0
-1.0
-1.0
-1.0
-1.0
-1.0
-1.0
-1.0
-1.0
-0.9999750623441396
-0.9999751243781094
-0.9999751861042183
-0.9999752475247524
-0.9999753086419753
-0.9999753694581281
-0.99997542997543
-0.9999754901960785
-0.9999755501222494
-0.9999756097560976
-0.9999756690997568
-0.9999757281553399
-0.9999757869249395
-0.9999758454106281
-0.9999759036144579
-0.9999759615384616
-0.9999760191846522
-0.999976076555024
-0.9999761336515514
-0.9999761904761906
-0.999976247030879
-0.9999763033175355
-0.9999527186761229
-0.9999292452830189
-0.9999058823529413
-0.999906103286385
-0.9999063231850117
-0.9999065420560749
-0.9999067599067599
-0.9999069767441862
-0.9999071925754061
-0.9999074074074074
-0.9999076212471132
-0.9999078341013825
-0.9999080459770116
-0.9999082568807338
-0.999908466819222
-0.9999086757990868
-0.9999088838268793
-0.999909090909091
-0.9999092970521543
-0.9999095022624434
-0.9999097065462754
-0.9999099099099099
-0.9999101123595505
-0.9999103139013453
-0.999910514541387
-0.9999107142857143
-0.9999109131403118
-0.9999111111111111
-0.9999113082039912
-0.9999115044247787
-0.9999116997792494
-0.9998898678414097
-0.9998681318681318
-0.9998464912280701
-0.9998468271334793
-0.9998471615720524
-0.999847494553377
-0.9998478260869565
-0.9998481561822126
-0.9998484848484849
-0.9998488120950324
-0.9998491379310345
-0.9998494623655914
-0.9998497854077253
-0.9998501070663812
-0.9998504273504274
-0.9998507462686567
-0.9998510638297873
-0.9998513800424628
-0.9998516949152543
-0.9998520084566596
-0.9998523206751055
-0.9998526315789473
-0.9998529411764706
-0.999853249475891
-0.9998535564853556
-0.9998538622129436
-0.9998541666666667
-0.9998544698544698
-0.9998547717842324
-0.9998343685300207
-0.9998347107438016
-0.9998350515463917
-0.9998353909465021
-0.9998357289527721
-0.9998360655737705
-0.999836400817996
-0.9998367346938776
-0.9998370672097759
-0.9998373983739838
-0.9998377281947262
-0.999838056680162
-0.9998383838383839
-0.9998387096774194
-0.9998390342052313
-0.9998393574297189
-0.9998196392785572
-0.99982
-0.9998203592814372
-0.999820717131474
-0.9998210735586481
-0.9998214285714286
-0.9998217821782178
-0.9998221343873519
-0.9998224852071006
-0.9998228346456693
-0.9998231827111984
-0.9998235294117648
-0.9998238747553816
-0.99982421875
-0.9998245614035087
-0.9998249027237354
-0.9998252427184465
-0.9998255813953488
-0.999825918762089
-0.9998262548262548
-0.9998265895953757
-0.999826923076923
-0.999827255278311
-0.9998275862068965
-0.9998279158699809
-0.9998091603053436
-0.9997904761904762
-0.9997908745247147
-0.9997912713472487
-0.9997916666666667
-0.9997920604914934
-0.9997924528301887
-0.9997928436911487
-0.9997932330827068
-0.9997936210131332
-0.9997940074906367
-0.9997943925233644
-0.9997947761194029
-0.9997951582867785
-0.9997955390334573
-0.9997959183673469
-0.9997962962962963
-0.9997966728280961
-0.9997970479704797
-0.9997974217311234
-0.9997977941176471
-0.9997981651376147
-0.9997985347985348
-0.999798903107861
-0.9997992700729926
-0.999799635701275
-0.9998
-0.9998003629764065
-0.9998007246376812
-0.9998010849909584
-0.9998014440433213
-0.9998018018018019
-0.9998021582733813
-0.999802513464991
-0.9998028673835125
-0.9998032200357782
-0.9998035714285715
-0.9998039215686275
-0.9998042704626334
-0.9998046181172292
-0.9998049645390071
-0.9998053097345132
-0.9998056537102474
-0.999805996472663
-0.999806338028169
-0.9998066783831283
-0.9998070175438596
-0.9998073555166375
-0.9998076923076923
-0.9998080279232111
-0.999808362369338
-0.9998086956521739
-0.9997916666666665
-0.9997746967071057
-0.9997750865051903
-0.9997754749568222
-0.9997758620689655
-0.999776247848537
-0.9997766323024055
-0.9997770154373927
-0.9997773972602739
-0.9997777777777778
-0.999778156996587
-0.999778534923339
-0.999778911564626
-0.9997792869269949
-0.9997796610169492
-0.9997800338409476
-0.9997804054054055
-0.9997807757166948
-0.9997811447811448
-0.999781512605042
-0.9997818791946309
-0.9997822445561139
-0.9997826086956522
-0.9997829716193657
-0.9997833333333334
-0.9997670549084858
-0.9997508305647841
-0.9997346600331675
-0.9997350993377484
-0.9997355371900827
-0.9997359735973599
-0.9997364085667216
-0.9997368421052631
-0.9997372742200329
-0.9997377049180326
-0.9997217675941079
-0.9996895424836602
-0.9996574225122349
-0.9996416938110748
-0.9996422764227642
-0.9996428571428573
-0.9996434359805509
-0.9996440129449838
-0.9996445880452342
-0.9996290322580644
-0.9996135265700484
-0.9996141479099679
-0.9996147672552168
-0.9996153846153847
-0.9996160000000001
-0.9996166134185303
-0.9996172248803827
-0.9996019108280254
-0.9995866454689984
-0.9995714285714286
-0.9995721077654517
-0.9995727848101267
-0.9995734597156398
-0.9995741324921137
-0.9995748031496063
-0.9995754716981132
-0.9995761381475667
-0.999576802507837
-0.9995618153364632
-0.999546875
-0.999531981279251
-0.9995171339563863
-0.9995178849144635
-0.9995186335403726
-0.9995193798449614
-0.9995201238390092
-0.9995208655332303
-0.9995216049382715
-0.999522342064715
-0.9995230769230768
-0.9995238095238096
-0.9995245398773007
-0.9995252679938744
-0.9995259938837919
-0.9995267175572519
-0.9995274390243902
-0.9995281582952817
-0.9995288753799393
-0.9995295902883157
-0.999530303030303
-0.9995310136157337
-0.9995317220543807
-0.9995324283559577
-0.9995331325301205
-0.9995338345864663
-0.9995345345345347
-0.9995352323838079
-0.9995359281437126
-0.9995366218236176
-0.9995373134328357
-0.9995380029806259
-0.9995386904761905
-0.9995393759286776
-0.9995400593471812
-0.9995407407407406
-0.9995414201183432
-0.9995420974889216
-0.999542772861357
-0.9995434462444771
-0.9995441176470589
-0.9995447870778268
-0.9995454545454545
-0.9995461200585651
-0.999546783625731
-0.9995474452554746
-0.9995481049562681
-0.9995342066957786
-0.9995203488372094
-0.9995210449927431
-0.9995217391304348
-0.9995224312590448
-0.9995231213872832
-0.9995238095238095
-0.9995244956772334
-0.9995251798561151
-0.9995258620689654
-0.9995265423242468
-0.9995272206303725
-0.999527896995708
-0.9995285714285714
-0.9995149786019972
-0.9994871794871796
-0.9994736842105263
-0.9994744318181819
-0.9994751773049647
-0.9994759206798867
-0.9994766619519093
-0.9994774011299435
-0.9994781382228491
-0.9994788732394367
-0.9994655414908579
-0.9994662921348315
-0.9994670406732118
-0.9994677871148459
-0.9994685314685314
-0.9994692737430168
-0.9994560669456065
-0.9994428969359332
-0.999443671766342
-0.9994444444444445
-0.9994452149791955
-0.9994459833795013
-0.999432918395574
-0.9994337016574585
-0.9994206896551724
-0.9994214876033058
-0.9994085281980744
-0.9993956043956044
-0.9993827160493828
-0.9993698630136986
-0.9993707250341997
-0.9993715846994534
-0.9993724420190996
-0.9993732970027248
-0.999374149659864
-0.9993749999999999
-0.9993758480325645
-0.9993766937669377
-0.9993775372124492
-0.9993783783783783
-0.9993792172739541
-0.9993800539083558
-0.9993808882907134
-0.9993817204301076
-0.9993825503355706
-0.9993833780160857
-0.9993842034805891
-0.9993716577540108
-0.9993724966622163
-0.9993733333333334
-0.9993608521970707
-0.9993484042553191
-0.9993492695883134
-0.9993501326259946
-0.9993377483443708
-0.999325396825397
-0.9992998678996038
-0.9992875989445911
-0.9992753623188406
-0.9992763157894737
-0.9992772667542706
-0.9992782152230972
-0.9992791612057667
-0.9992801047120419
-0.999281045751634
-0.9992819843342037
-0.9992829204693611
-0.9992838541666668
-0.9992847854356307
-0.9992857142857143
-0.9992866407263294
-0.9992875647668394
-0.9992755498059508
-0.999263565891473
-0.9992387096774195
-0.9992268041237112
-0.9992277992277993
-0.999228791773779
-0.9992297817715019
-0.9992307692307694
-0.9992317541613318
-0.9992071611253198
-0.9991826309067688
-0.9991454081632654
-0.9991210191082801
-0.9991094147582696
-0.999110546378653
-0.9990989847715737
-0.999087452471483
-0.9990886075949368
-0.9990897597977246
-0.9990782828282828
-0.9990668348045397
-0.9990554156171285
-0.9990314465408805
-0.9990075376884423
-0.9989962358845672
-0.998984962406015
-0.9989862327909889
-0.9989875
-0.9989887640449439
-0.9989900249376557
-0.9989788293897884
-0.9989552238805972
-0.9989440993788822
-0.9989330024813896
-0.9989343246592317
-0.9989356435643564
-0.9989369592088999
-0.9989382716049383
-0.9989272503082615
-0.9989285714285714
-0.9989298892988928
-0.9989312039312039
-0.9989202453987729
-0.9988970588235295
-0.998873929008568
-0.9988508557457213
-0.9988400488400488
-0.998829268292683
-0.9988185140073081
-0.9988077858880778
-0.9987970838396112
-0.9987864077669901
-0.9987636363636363
-0.9987530266343825
-0.9987424425634824
-0.998743961352657
-0.998745476477684
-0.9987469879518074
-0.9987484957882069
-0.9987259615384616
-0.9987154861944779
-0.9986930455635491
-0.9986706586826348
-0.9986483253588517
-0.9986260454002389
-0.998615751789976
-0.9986054827175209
-0.9985952380952381
-0.9985969084423307
-0.9985866983372922
-0.998576512455516
-0.9985663507109007
-0.9985443786982247
-0.99854609929078
-0.9985478158205432
-0.9985141509433961
-0.9984923439340402
-0.9984823529411764
-0.998448883666275
-0.998450704225352
-0.9984525205158267
-0.9984543325526931
-0.9984561403508772
-0.9984345794392523
-0.9984247374562427
-0.9984149184149183
-0.998393480791618
-0.9983720930232559
-0.9983739837398375
-0.9983642691415313
-0.9983661645422944
-0.9983680555555555
-0.9983583815028902
-0.9983371824480369
-0.9983044982698962
-0.9982834101382488
-0.9982738780207135
-0.9982643678160917
-0.9982433983926522
-0.9982339449541284
-0.9982359679266896
-0.9982265446224257
-0.9982285714285714
-0.9982077625570775
-0.9981870011402509
-0.9981776765375854
-0.9981683731513082
-0.9981704545454545
-0.9981498297389332
-0.9981292517006805
-0.9981313703284259
-0.9981221719457015
-0.9981016949152542
-0.9980812641083519
-0.9980721533258173
-0.9980630630630631
-0.998042744656918
-0.9980337078651687
-0.9980359147025815
-0.9980381165919283
-0.9980291153415454
-0.9980201342281879
-0.9980111731843576
-0.9980022321428572
-0.9979933110367892
-0.9979844097995545
-0.9979755283648502
-0.9979666666666667
-0.9979578246392898
-0.997960088691796
-0.9979623477297898
-0.997942477876106
-0.9979226519337016
-0.9979028697571743
-0.9978831312017641
-0.997863436123348
-0.9978657865786579
-0.9978571428571429
-0.9978485181119647
-0.9978399122807018
-0.997842278203724
-0.9978227571115974
-0.9978142076502734
-0.9977947598253277
-0.9977971646673938
-0.9977886710239651
-0.9977801958650708
-0.9977717391304344
-0.9977524429967426
-0.9977331887201735
-0.9977139761646804
-0.99771645021645
-0.9977081081081081
-0.9976889848812095
-0.9976914778856524
-0.9976831896551727
-0.9976856835306781
-0.9976774193548388
-0.99765843179377
-0.9976287553648068
-0.9976312968917472
-0.997612419700214
-0.9975828877005349
-0.9975427350427353
-0.9975346851654214
-0.9975266524520253
-0.9975079872204475
-0.9975
-0.9974920297555792
-0.9974734607218683
-0.9974443266171791
-0.9974046610169494
-0.9973756613756615
-0.9973572938689217
-0.9973495248152059
-0.9973417721518989
-0.9973129610115913
-0.9972947368421053
-0.9972870662460567
-0.9972689075630252
-0.9972402938090242
-0.9972117400419286
-0.997193717277487
-0.997165271966527
-0.9971577847439916
-0.9971607515657618
-0.9971532846715329
-0.997125
-0.997117585848075
-0.997099792099792
-0.9970716510903427
-0.9970539419087138
-0.9970466321243524
-0.9970393374741202
-0.9970320579110653
-0.9970351239669423
-0.9970381836945305
-0.9970309278350515
-0.9970236869207002
-0.9970061728395061
-0.9969784172661872
-0.9969301848049282
-0.9969025641025641
-0.9968852459016392
-0.996878198567042
-0.9968711656441717
-0.9968641470888662
-0.996857142857143
-0.9968399592252805
-0.9968329938900201
-0.9968260427263478
-0.9967987804878049
-0.9967918781725887
-0.996784989858012
-0.9967781155015198
-0.9967712550607288
-0.9967745197168856
-0.9967777777777778
-0.996770938446014
-0.9967540322580646
-0.9967371601208458
-0.9967404426559355
-0.9967336683417085
-0.9967369477911647
-0.9967301905717153
-0.9967234468937876
-0.9967067067067069
-0.9966799999999999
-0.9966333666333665
-0.9966167664670661
-0.9965902293120638
-0.996573705179283
-0.9965671641791046
-0.9965606361829026
-0.9965441906653428
-0.9965178571428572
-0.9964915758176413
-0.9964752475247525
-0.9964490603363008
-0.9964130434782607
-0.9963770977295162
-0.9963412228796844
-0.9963152709359605
-0.9962893700787403
-0.9962635201573253
-0.996237721021611
-0.9962119725220804
-0.9961666666666669
-0.9961410381978455
-0.9961252446183955
-0.9961094819159338
-0.996083984375
-0.9960390243902439
-0.9959941520467835
-0.9959396299902632
-0.9958949416342412
-0.9958600583090379
-0.9958349514563107
-0.9958098933074685
-0.9957945736434111
-0.9957889641819943
-0.9957736943907156
-0.9957681159420291
-0.9957335907335905
-0.9956894889103183
-0.995664739884393
-0.9956400384985564
-0.995605769230769
-0.9955715658021133
-0.9955566218809981
-0.995541706615532
-0.9955172413793103
-0.995483253588517
-0.9954588910133844
-0.9954250238777458
-0.9954007633587785
-0.9953860819828408
-0.9953714285714286
-0.9953472882968599
-0.9953326996197718
-0.9953276353276354
-0.9953320683111957
-0.9953080568720379
-0.9952651515151517
-0.9952034058656577
-0.9951606805293008
-0.9951558073654391
-0.9951509433962263
-0.9951178133836004
-0.9950847457627116
-0.9950705550329256
-0.9950657894736843
-0.9950328638497651
-0.995
-0.9949765698219305
-0.9949719101123597
-0.9949579045837232
-0.9949345794392523
-0.994892623716153
-0.9948600746268655
-0.9948555452003728
-0.9948417132216015
-0.9948372093023253
-0.994814126394052
-0.9947725162488393
-0.9947495361781078
-0.9947358665430955
-0.9947222222222222
-0.9946993524514336
-0.9946950092421442
-0.9946999076638964
-0.9946863468634688
-0.9946728110599079
-0.9946408839779004
-0.9945998160073597
-0.9945680147058826
-0.9945546372819101
-0.9945321100917429
-0.9945004582951421
-0.9944688644688643
-0.9944556267154623
-0.9944424131627055
-0.9944109589041097
-0.9943704379562045
-0.9943482224247947
-0.9943442622950818
-0.9943494085532304
-0.9943454545454548
-0.9943324250681198
-0.9943103448275861
-0.9942883046237533
-0.9942753623188405
-0.9942805429864251
-0.9942585895117539
-0.9942366757000903
-0.9941967509025272
-0.994165915238954
-0.994153153153153
-0.9941494149414943
-0.994154676258993
-0.9941599281221921
-0.9941561938958706
-0.9941434977578474
-0.9941039426523297
-0.994037600716204
-0.9939982110912343
-0.9939946380697048
-0.9939910714285715
-0.9939696699375555
-0.9939483065953657
-0.9939447907390919
-0.9939323843416371
-0.9939288888888891
-0.9938987566607459
-0.9938686779059452
-0.9938475177304966
-0.9938352524357837
-0.9938318584070795
-0.9938196286472148
-0.9937985865724382
-0.9937864077669901
-0.9937830687830688
-0.9937797356828193
-0.9937588028169013
-0.9937554969217239
-0.9937521968365552
-0.9937489025460929
-0.9937456140350878
-0.9937248028045574
-0.9937127845884415
-0.9936920384951882
-0.9936800699300699
-0.9936506550218341
-0.9936300174520067
-0.9936355710549261
-0.9936324041811845
-0.9936292428198432
-0.9936260869565217
-0.9935968722849695
-0.993576388888889
-0.9935559410234174
-0.993535528596187
-0.9935238095238098
-0.9935121107266434
-0.9935090751944685
-0.9935146804835925
-0.9935116479723901
-0.9934741379310346
-0.9934280792420327
-0.9933993115318416
-0.9933877901977639
-0.993384879725086
-0.9933648068669529
-0.9933533447684388
-0.9933419023136245
-0.9933304794520547
-0.9933190761334472
-0.9933162393162394
-0.9933048676345004
-0.9932935153583619
-0.9932736572890027
-0.9932453151618397
-0.9932510638297871
-0.9932397959183673
-0.9932370433305011
-0.9932342954159591
-0.9932230703986429
-0.9932118644067798
-0.9931837425910246
-0.9931725888324872
-0.9931699070160609
-0.9931672297297298
-0.9931645569620254
-0.9931618887015178
-0.9931592249368151
-0.9931649831649833
-0.993162321278385
-0.9931680672268907
-0.9931486146095722
-0.9931291946308726
-0.9931181894383906
-0.9931155778894474
-0.9931213389121339
-0.9931020066889631
-0.9930910609857978
-0.9930884808013354
-0.9930775646371975
-0.9930583333333335
-0.9930308076602834
-0.9930116472545757
-0.993009143807149
-0.9930066445182725
-0.9929958506224065
-0.9929684908789386
-0.9929411764705882
-0.9929221854304636
-0.9929114971050451
-0.9928925619834709
-0.9928819157720892
-0.9928547854785481
-0.9928359439406428
-0.9928418451400332
-0.9928477366255144
-0.9928371710526317
-0.9928101889893179
-0.9927832512315271
-0.9927645611156687
-0.9927540983606558
-0.9927354627354628
-0.9927168576104748
-0.9927146361406376
-0.9927042483660128
-0.9926938775510206
-0.9926835236541597
-0.9926568867155662
-0.9926384364820845
-0.9926362896663957
-0.9926341463414636
-0.9926157595450852
-0.9925974025974027
-0.9925709651257096
-0.9925364667747162
-0.9925182186234817
-0.9925161812297734
-0.9925060630557803
-0.9924878836833603
-0.9924697336561743
-0.9924596774193551
-0.9924335213537471
-0.9923993558776171
-0.9923813354786806
-0.9923633440514469
-0.9923373493975903
-0.9923274478330658
-0.9923175621491579
-0.992315705128205
-0.9923058446757408
-0.9922959999999997
-0.9922701838529178
-0.9922364217252395
-0.9922186751795692
-0.9921929824561403
-0.9921673306772911
-0.9921576433121021
-0.9921400159108994
-0.9921303656597774
-0.9921207307386816
-0.9921031746031747
-0.9920697858842185
-0.9920602218700477
-0.9920506730007916
-0.9920253164556962
-0.9920079051383399
-0.9919905213270142
-0.9919652722967638
-0.9919558359621451
-0.991954294720252
-0.9919291338582674
-0.9919118804091269
-0.9918867924528305
-0.9918617439120184
-0.9918681318681319
-0.991843137254902
-0.9918416927899688
-0.9918167580266251
-0.9917996870109548
-0.9917826426896014
-0.9917734374999999
-0.9917486338797816
-0.9917160686427452
-0.991675759937646
-0.9916510903426792
-0.9916264591439686
-0.991625194401244
-0.9916161616161616
-0.9915916149068323
-0.9915826221877425
-0.9915426356589149
-0.9915182029434546
-0.9914783281733748
-0.9914307811291572
-0.9913987635239566
-0.9913976833976832
-0.9913811728395062
-0.9913569776407095
-0.9913328197226502
-0.9913163972286374
-0.9912846153846158
-0.9912682551883166
-0.9912288786482337
-0.9912049117421337
-0.9911963190184049
-0.9911954022988506
-0.9912021439509953
-0.991178270849273
-0.9911467889908256
-0.9911306340718105
-0.9911068702290075
-0.9910907704042715
-0.9910823170731708
-0.991073876618431
-0.9910730593607308
-0.9910494296577944
-0.991018237082067
-0.9910022779043278
-0.9909711684370255
-0.9909401061410159
-0.9909090909090912
-0.9908705526116579
-0.9908472012102871
-0.9908238851095996
-0.9908157099697884
-0.9907999999999998
-0.9907692307692306
-0.9907385079125847
-0.9907003012048192
-0.9906621519939804
-0.9906390977443609
-0.9906010518407213
-0.9905555555555555
-0.9905101275318831
-0.990472263868066
-0.9904569288389515
-0.9904266467065868
-0.9903889304412863
-0.990358744394619
-0.9903211351755041
-0.9902910447761193
-0.9902609992542878
-0.9902309985096868
-0.9901935964259121
-0.9901636904761904
-0.9901412639405206
-0.9901114413075779
-0.9900668151447662
-0.9900148367952523
-0.9899777613046702
-0.9899259259259258
-0.9899037749814952
-0.9898964497041419
-0.9898817442719883
-0.989874446085672
-0.9898523985239852
-0.9898303834808259
-0.9897641857037585
-0.9897054491899853
-0.9896615158204563
-0.9896397058823532
-0.9896252755326962
-0.9896035242290746
-0.9895891415994129
-0.9895747800586512
-0.9895604395604393
-0.9895461200585655
-0.9895098756400879
-0.9894590643274855
-0.9894229364499632
-0.9893649635036497
-0.9893508388037928
-0.9893367346938773
-0.9893226511289143
-0.9892721979621544
-0.9892145454545453
-0.9891787790697674
-0.9891503267973855
-0.989121915820029
-0.9890935460478607
-0.9890724637681163
-0.9890369297610426
-0.9890231548480461
-0.9889804772234275
-0.9889523121387284
-0.9889386281588447
-0.9889393939393939
-0.988932948810382
-0.9889048991354469
-0.9888552915766741
-0.9888345323741008
-0.9888281811646299
-0.9888002873563215
-0.9887867910983491
-0.9887446197991392
-0.988695340501792
-0.988660458452722
-0.9886471009305656
-0.9886266094420598
-0.9885918513223733
-0.9885857142857141
-0.9885510349750181
-0.988516405135521
-0.9884533143264431
-0.9884045584045584
-0.9883701067615656
-0.9883570412517783
-0.9883368869936033
-0.9883096590909091
-0.9883037615330023
-0.9882907801418439
-0.988277817150957
-0.9882577903682715
-0.9882307147912244
-0.9882178217821782
-0.9881837455830387
-0.9881567796610171
-0.9881298517995768
-0.98811706629055
-0.9880972515856239
-0.9880915492957747
-0.9880928923293459
-0.9880872011251759
-0.9880815179198875
-0.988075842696629
-0.9880631578947368
-0.9880364656381485
-0.9880028030833917
-0.9879831932773108
-0.9879706088173547
-0.987958041958042
-0.9879385045422783
-0.987932960893855
-0.9879204466154918
-0.9878870292887026
-0.9878327526132409
-0.9877855153203342
-0.9877731384829507
-0.9877607788595274
-0.9877414871438497
-0.9877361111111113
-0.9877168632893821
-0.9876837725381415
-0.9876784476784478
-0.9876869806094184
-0.9876678200692041
-0.9876348547717843
-0.9876019350380097
-0.9875897790055248
-0.987584541062802
-0.9875655172413795
-0.9875327360441072
-0.9875068870523418
-0.9874810736407431
-0.9874759284731772
-0.9874295532646046
-0.9873901098901098
-0.987350720658888
-0.9873182441700961
-0.9872858122001371
-0.9872739726027397
-0.9872621492128679
-0.987236662106703
-0.9871975393028026
-0.987172131147541
-0.9871262798634811
-0.9871009549795363
-0.98706203135651
-0.9870299727520433
-0.9870047651463579
-0.9870000000000002
-0.9870088375254931
-0.9869972826086957
-0.9869585879158176
-0.9868995929443694
-0.986854237288136
-0.9868089430894308
-0.9867772511848344
-0.9867523680649523
-0.9867207572684248
-0.9867162162162161
-0.9867049291019581
-0.9866599190283399
-0.9866351989211058
-0.9866037735849058
-0.9865656565656569
-0.9865343203230147
-0.9865097511768661
-0.9864852150537637
-0.9864674278038954
-0.9864563758389261
-0.9864319248826291
-0.9864209115281503
-0.9863898191560618
-0.9863453815261046
-0.9863210702341136
-0.9863168449197864
-0.9862925851703408
-0.9862750333778372
-0.9862575050033354
-0.9862400000000001
-0.9862358427714857
-0.9862183754993343
-0.9862142381902862
-0.9861901595744682
-0.9861794019933554
-0.9861686586985392
-0.9861313868613137
-0.9861140583554376
-0.9860901259111992
-0.9860794701986758
-0.9860555923229648
-0.9860185185185185
-0.985994712491738
-0.9859709379128136
-0.9859537953795374
-0.9859234828496042
-0.9858932102834541
-0.9858498023715415
-0.9857998683344306
-0.9857894736842102
-0.9857725180802102
-0.9857621550591328
-0.9857649376231123
-0.9857152230971128
-0.9856983606557378
-0.9856880733944955
-0.9856647020301245
-0.9856544502617802
-0.9856245912361021
-0.9855882352941174
-0.9855388634879161
-0.9855026109660574
-0.9854990215264189
-0.9854758800521511
-0.9854592833876221
-0.9854361979166665
-0.9854196486662329
-0.9853836150845252
-0.9853476283300844
-0.9853181818181815
-0.9853017521090198
-0.9852918287937743
-0.9852754374594945
-0.9852396373056997
-0.9852038834951458
-0.9851746442432081
-0.9851519069166125
-0.9851227390180878
-0.9850806972240156
-0.9850387096774194
-0.9850032237266281
-0.984967783505155
-0.9849323889246618
-0.9848970398970397
-0.9848874598070736
-0.9848586118251926
-0.9848298008991653
-0.9847946084724005
-0.9847851186658114
-0.984775641025641
-0.9847533632286999
-0.9847055057618435
-0.9846769033909148
-0.9846227621483372
-0.9845750798722043
-0.9845466155810985
-0.9845118059987239
-0.9844770408163263
-0.984429572976418
-0.9844203821656052
-0.9843921069382559
-0.984351145038168
-0.98432930705658
-0.9843138500635323
-0.9843047619047617
-0.9842829949238577
-0.98424223208624
-0.9842078580481622
-0.9841798606713107
-0.9841708860759494
-0.9841619228336497
-0.9841340075853353
-0.9840808591282375
-0.9840404040404042
-0.9840315457413249
-0.9840163934426228
-0.9840012602394457
-0.98397355163728
-0.9839458779106356
-0.983937106918239
-0.9839157762413576
-0.9839007537688447
-0.983879472693032
-0.983845671267252
-0.9838119122257054
-0.9837969924812032
-0.9837695679398873
-0.9837359198998747
-0.9837023139462162
-0.9836562499999999
-0.9836352279825112
-0.9836267166042449
-0.983593262632564
-0.9835473815461344
-0.9834890965732087
-0.9834557907845581
-0.9834225264467951
-0.9834141791044777
-0.9834058421379741
-0.9833602484472052
-0.9833147113594038
-0.9832754342431764
-0.9832362058276503
-0.9832032218091693
-0.9831640866873066
-0.9831497524752476
-0.983110698824985
-0.9830902348578493
-0.983063619518221
-0.9830432098765427
-0.9830043183220232
-0.9829654747225648
-0.982951324707332
-0.9829064039408866
-0.9828615384615383
-0.9828228782287822
-0.9827904118008606
-0.9827579852579853
-0.9827255985267034
-0.9826993865030671
-0.9826486817903127
-0.982622549019608
-0.98260257195346
-0.9825826193390457
-0.9825688073394495
-0.9825427872860635
-0.982498472816127
-0.9824481074481075
-0.9823978035387433
-0.9823780487804881
-0.9823461304082874
-0.9823325213154689
-0.9823189287888013
-0.98228102189781
-0.9822370820668693
-0.9821992709599026
-0.9821675774134789
-0.9821359223300974
-0.982092177077016
-0.9820545454545457
-0.9820411871592971
-0.98202784503632
-0.9820205686630371
-0.981989117291415
-0.98195166163142
-0.9819263285024156
-0.9819191309595654
-0.9818998793727381
-0.9818685955394819
-0.9818072289156629
-0.9817760385310053
-0.981756919374248
-0.9817558628983767
-0.9817487980769231
-0.9817117117117116
-0.981656662665066
-0.9816136772645468
-0.9815647482014391
-0.9815398442180947
-0.9815209580838326
-0.9814961101137041
-0.9814712918660288
-0.9814524805738194
-0.9814277180406215
-0.981397014925373
-0.9813365155131266
-0.981293977340489
-0.9812753277711562
-0.9812328767123287
-0.9811904761904762
-0.9811600237953596
-0.9811533888228301
-0.9811348781937016
-0.9811045130641329
-0.9810741839762612
-0.9810498220640566
-0.9810314167160635
-0.9810130331753554
-0.9809828300769687
-0.9809467455621302
-0.980928444707274
-0.9809101654846336
-0.9808800945067929
-0.980844155844156
-0.9808082595870203
-0.9807665094339622
-0.9807542722451381
-0.9807243816254418
-0.9806945261918778
-0.9806647058823532
-0.9806584362139918
-0.9806286721504115
-0.9805813270698763
-0.9805399061032866
-0.9805219941348977
-0.9805099648300115
-0.9804686584651435
-0.9804332552693211
-0.9804037448800464
-0.9803625730994152
-0.9803272939801286
-0.9802920560747662
-0.980251021599533
-0.9801983663943992
-0.9801632653061226
-0.9801456876456877
-0.9801106581246358
-0.9800931315483119
-0.9800698080279234
-0.9800348837209305
-0.979994189424753
-0.9799477351916377
-0.9799129425420777
-0.9798781902552206
-0.9798724637681159
-0.9798551564310546
-0.9798378691372323
-0.9798148148148145
-0.979791787160208
-0.9797514450867056
-0.9797227036395149
-0.9797055427251736
-0.9796710905943457
-0.9796366782006919
-0.9796253602305476
-0.979614055299539
-0.9795912492803684
-0.9795569620253163
-0.9795227142035653
-0.97951724137931
-0.9795002871912695
-0.9794718714121702
-0.9794492254733214
-0.9794266055045868
-0.979404011461318
-0.9794043528064145
-0.9793875214653696
-0.9793592677345541
-0.9793367638650661
-0.9793085714285712
-0.9792918332381498
-0.9792465753424656
-0.9792070735881346
-0.9791790193842648
-0.9791623931623932
-0.9791400911161733
-0.9791064314171881
-0.9790841865756541
-0.979044911881751
-0.9790227272727273
-0.9790005678591709
-0.9789784335981842
-0.9789676687464547
-0.9789455782312925
-0.9788951841359775
-0.9788505096262738
-0.9788228636106395
-0.9788065610859731
-0.9787733182589038
-0.9787514124293789
-0.97871259175607
-0.9786907449209934
-0.9786802030456854
-0.9786583990980832
-0.9786422535211264
-0.9786204954954956
-0.978593134496342
-0.9785601799775029
-0.9785103991006184
-0.9784943820224723
-0.9784783829309379
-0.9784680134680136
-0.9784352215367359
-0.9783912556053812
-0.978347338935574
-0.9783202687569985
-0.9782876329043093
-0.9782438478747203
-0.9781833426495248
-0.9781396648044693
-0.9781183696259075
-0.978097098214286
-0.9780591187953149
-0.9780379041248607
-0.9780167130919221
-0.9779844097995545
-0.9779521424596552
-0.9779477196885428
-0.9779210672595885
-0.9778833333333332
-0.9778734036646307
-0.9778357380688122
-0.9778147531891291
-0.9777827050997786
-0.9777562326869809
-0.977735326688815
-0.9777199778638629
-0.977704646017699
-0.9776948590381426
-0.9776740331491713
-0.977647708448371
-0.9776214128035323
-0.977600661886376
-0.9775744211686874
-0.9775426997245178
-0.9775055066079291
-0.9774683544303795
-0.9774477447744774
-0.9774161627267733
-0.9773791208791208
-0.9773640856672158
-0.9773545554335894
-0.9773230938014267
-0.9772916666666666
-0.9772767123287671
-0.9772672508214678
-0.9772304324028461
-0.9771991247264767
-0.977167851284855
-0.9771256830601093
-0.9770944838885857
-0.9770851528384279
-0.977059465357338
-0.9770338058887675
-0.9770136239782019
-0.9769989106753811
-0.9769787697332606
-0.9769640914036998
-0.9769331158238174
-0.9768967391304344
-0.9768658337859857
-0.9768458197611294
-0.9768312533912098
-0.9768058568329718
-0.9767859078590786
-0.9767659804983748
-0.9767244179750948
-0.9767099567099566
-0.976695511087074
-0.9766756756756755
-0.976623446785521
-0.9765982721382285
-0.9765893146249327
-0.9765749730312837
-0.976533692722372
-0.9764870689655174
-0.9764512654819602
-0.976420882669537
-0.9764066702528238
-0.9763924731182795
-0.9763567974207414
-0.9763211600429648
-0.9762855609232424
-0.9762285407725322
-0.976193029490617
-0.9761575562700961
-0.9761006963042314
-0.9760706638115627
-0.9760246120920278
-0.9759839572192515
-0.9759380010689473
-0.9759027777777779
-0.9758782701548315
-0.975864461045891
-0.9758399999999996
-0.9758049040511729
-0.9757751731486415
-0.9757454739084133
-0.9757370941990418
-0.9757287234042553
-0.9756990962254116
-0.9756482465462271
-0.9756133828996283
-0.9755944798301484
-0.9755755968169761
-0.9755567338282074
-0.9755113937466879
-0.9754766949152546
-0.9754790894653256
-0.9754867724867725
-0.9754838709677425
-0.975433403805497
-0.9754094030639194
-0.9753748680042236
-0.9753403693931402
-0.975305907172996
-0.9752714812862413
-0.9752423603793469
-0.9752290679304895
-0.9752000000000003
-0.975160441872699
-0.9751261829652996
-0.9751182343667893
-0.9751102941176473
-0.9750813648293964
-0.9750629590766
-0.975044572627163
-0.9750157232704402
-0.974976427448926
-0.974942408376963
-0.9749241234955521
-0.9748797071129706
-0.9748301097752222
-0.9747805642633228
-0.9747519582245429
-0.9747338204592905
-0.97471048513302
-0.9746976016684044
-0.9746378322042731
-0.974609375
-0.9745913586673606
-0.9745785639958372
-0.9745761830473217
-0.9745634095634095
-0.9745142857142857
-0.9744807892004154
-0.9744628956927868
-0.9744346473029047
-0.9744012441679623
-0.9743834196891192
-0.9743656136716723
-0.9743271221532092
-0.9742938437661662
-0.9742657704239917
-0.9742377260981911
-0.9742045454545456
-0.9741610738255028
-0.9741382868937046
-0.9741258380608564
-0.9740876288659792
-0.9740546110252444
-0.9740267765190525
-0.9739938239835304
-0.973971193415638
-0.9739383033419026
-0.9739157245632063
-0.973913713405239
-0.9738911704312113
-0.9738635197537201
-0.9738153846153846
-0.9737570476678628
-0.973734631147541
-0.9737122375832052
-0.9737103377686798
-0.9736982097186702
-0.9736400817995912
-0.9736075625958105
-0.9736057201225742
-0.973588565594691
-0.9735663265306119
-0.9735390107088219
-0.9735066258919467
-0.9734793683138057
-0.9734775967413443
-0.9734554707379133
-0.9734282807731435
-0.9734062023385861
-0.9733739837398377
-0.9733417978669375
-0.9733147208121825
-0.9732978183663111
-0.9732707910750505
-0.9732336543335022
-0.9731914893617021
-0.9731746835443041
-0.9731629554655867
-0.973151239251391
-0.9731142568250758
-0.9730773117736227
-0.9730555555555555
-0.9730287733467944
-0.972996972754793
-0.9729652042360063
-0.9729435483870971
-0.9729219143576828
-0.9729003021148032
-0.9728686462003018
-0.9728420523138834
-0.9728154851684262
-0.9727889447236183
-0.9727774987443499
-0.972771084337349
-0.9727395885599595
-0.9726930792377132
-0.9726466165413531
-0.9726102204408817
-0.9725988983475214
-0.9725675675675673
-0.9725262631315654
-0.9724849999999998
-0.9724387806096955
-0.9724075924075922
-0.9723814278582124
-0.9723752495009981
-0.9723541147132169
-0.9723230309072781
-0.9722770303936223
-0.9722559760956176
-0.9722349427575909
-0.9722089552238805
-0.9721780208851314
-0.9721520874751494
-0.9721261798310978
-0.9720953326713011
-0.9720545905707199
-0.9720287698412696
-0.9720128904313338
-0.9719772051536172
-0.9719465081723623
-0.9719257425742573
-0.9719099455714988
-0.9718941641938678
-0.9718487394957981
-0.9718132411067196
-0.9717679012345678
-0.9717127344521228
-0.9716872224962998
-0.9716913214990138
-0.9716658452439626
-0.9716453201970444
-0.9716100443131466
-0.9715895669291342
-0.971564190850959
-0.9715437561455262
-0.9715233415233417
-0.9715029469548132
-0.9714727540500734
-0.9714278704612362
-0.9714075527219227
-0.9713823529411769
-0.9713522782949535
-0.9713369245837414
-0.9713020068526678
-0.9712622309197648
-0.9712469437652811
-0.9712218963831871
-0.9711724474841235
-0.971142578125
-0.9711176183504152
-0.9710731707317077
-0.9710385177961972
-0.971018518518519
-0.970979055041403
-0.9709055501460564
-0.9708905109489052
-0.9708754863813227
-0.970841030627127
-0.9708163265306119
-0.9707916464303059
-0.9707718446601941
-0.9707472100921885
-0.9707177497575168
-0.9706931652932624
-0.9706589147286825
-0.9706392251815978
-0.9706050338818976
-0.970570875665215
-0.970551257253385
-0.9705123247945866
-0.970478260869565
-0.9704442298406574
-0.970424710424711
-0.9704148576941634
-0.9703760848601738
-0.9703373493975904
-0.9703179190751443
-0.9702792489167069
-0.970259865255053
-0.9702308802308803
-0.9701875000000006
-0.970144161460836
-0.9701056676272816
-0.9700816130580889
-0.9700527831094047
-0.9700239808153472
-0.9699856184084372
-0.9699616674652616
-0.9699568965517242
-0.9699473432264242
-0.969933014354067
-0.9699139167862267
-0.9698996175908222
-0.9698853320592449
-0.969851957975167
-0.9698233890214796
-0.9697996183206103
-0.9697711015736767
-0.9697616777883701
-0.9697474988089567
-0.9697285714285715
-0.9696858638743459
-0.9696527117031402
-0.9696291012838801
-0.9696007604562734
-0.9695819477434678
-0.9695679012345677
-0.9695301376364498
-0.9694971537001902
-0.9694689426268377
-0.9694454976303319
-0.9694078635717672
-0.9693750000000004
-0.9693563653573122
-0.9693140964995273
-0.969290780141844
-0.9692722117202273
-0.9692442135096835
-0.9692445703493862
-0.9692354884379423
-0.9691839622641508
-0.9691230551626587
-0.9690951932139491
-0.9690861987753178
-0.9690536723163844
-0.9690164705882351
-0.9689981185324554
-0.968965679360602
-0.9689473684210528
-0.9689243776420854
-0.9689061032863858
-0.9688596902862503
-0.9687992495309565
-0.9687576183778712
-0.9687253983130267
-0.9687166276346602
-0.9686985018726588
-0.9686616752456715
-0.9686248830682881
-0.9685694249649371
-0.9685140186915888
-0.9685007006071935
-0.9684873949579831
-0.968441437237518
-0.9684001865671642
-0.968382284382284
-0.9683597390493943
-0.9683325570563575
-0.9682960893854748
-0.9682550023266627
-0.9682232558139537
-0.9681822408182242
-0.9681552044609664
-0.9681328379006037
-0.9681151346332406
-0.9680928074245939
-0.968056586270872
-0.9680296708391282
-0.967998146431881
-0.9679851783232978
-0.9679444444444444
-0.9679176307265155
-0.9679000925069381
-0.9678687008784094
-0.9678234750462106
-0.9677690531177828
-0.9677608494921509
-0.9677341947392706
-0.9677121771217716
-0.967685569386814
-0.9676497695852535
-0.9676140027637029
-0.9675736648250464
-0.9675517717441322
-0.9675114995400189
-0.9674942528735635
-0.9674632352941177
-0.967413872301332
-0.9673829201101926
-0.9673565855897196
-0.967330275229358
-0.9673085740486012
-0.9672685609532538
-0.9672285845167202
-0.9671932234432234
-0.9671716247139589
-0.967150045745654
-0.9670964791952443
-0.9670521023765997
-0.9670123343992694
-0.9669543378995437
-0.9669192149703331
-0.9668978102189782
-0.9668855449156407
-0.9668641750227891
-0.9668337129840547
-0.966785063752277
-0.9667501137915343
-0.9667106460418562
-0.966693951796271
-0.9666727272727274
-0.9666424352567015
-0.9666030881017252
-0.9665683159328191
-0.966542649727768
-0.9665306122448979
-0.9665095194922938
-0.9664884458541003
-0.9664583333333332
-0.9664237211407873
-0.9663981900452483
-0.9663862505653552
-0.9663652802893309
-0.9663307727067328
-0.9662962962962961
-0.9662392776523699
-0.9662048736462095
-0.9661614794767703
-0.9661406672678085
-0.9661243803515093
-0.9660945945945946
-0.9660558307068888
-0.966008100810081
-0.9659694107062525
-0.9659352517985611
-0.9658966292134831
-0.9658490566037733
-0.9657880556802878
-0.9657585278276481
-0.965729026469269
-0.9657309417040358
-0.9657194083370687
-0.9656854838709679
-0.9656112852664575
-0.965559534467323
-0.9655346756152126
-0.9655232558139535
-0.9654939651318734
-0.9654647006255584
-0.9654220634211701
-0.9653750000000001
-0.9653502900490847
-0.965321141837645
-0.965296477931342
-0.9652852049910873
-0.9652650334075723
-0.965222617987534
-0.9651757899421451
-0.9651423487544483
-0.9651133837261004
-0.9650755555555555
-0.9650510884051539
-0.965039964476021
-0.9649977807367953
-0.9649822537710739
-0.9649445676274944
-0.9648936170212769
-0.9648515728843593
-0.9648095659875999
-0.9647720230190346
-0.9647256637168138
-0.9646926138876605
-0.9646551724137931
-0.964617764030049
-0.9645980565371025
-0.9645695364238415
-0.9645278022947926
-0.9644949272165859
-0.9644488536155204
-0.9644160423093873
-0.9643964757709252
-0.9643813298106564
-0.9643485915492959
-0.9642982842058951
-0.9642568161829373
-0.9642153846153846
-0.9641827768014062
-0.9641809398331138
-0.9641703248463561
-0.9641465555068014
-0.9641140350877196
-0.9640903112669881
-0.9640622261174407
-0.9640078843626815
-0.9639623467600699
-0.9639168490153176
-0.9638801399825025
-0.9638522081329255
-0.9638199300699303
-0.9637702053298385
-0.9637598253275109
-0.9637232649498039
-0.9636692844677142
-0.9636240732664628
-0.9635876198779423
-0.96359477124183
-0.9635757839721251
-0.9635306922072268
-0.9634638816362053
-0.96343192692475
-0.9634217391304347
-0.9634115601912212
-0.9633840139009557
-0.9633391228831957
-0.9632855902777777
-0.9632451193058568
-0.9632220294882912
-0.9632032943216298
-0.9631845753899481
-0.9631398873971421
-0.9630909090909092
-0.9630809173517956
-0.9630406574394463
-0.9630134025075654
-0.962999135695765
-0.962971922246221
-0.9629188255613124
-0.9628528269313766
-0.9628041415012946
-0.9627727468736528
-0.9627241379310343
-0.9626712623869019
-0.9626399655469422
-0.9626259147653894
-0.9626204819277107
-0.9625806451612905
-0.9625279449699053
-0.9624881822088526
-0.9624527491408936
-0.9624259338772005
-0.962399141630901
-0.9623509223509226
-0.9623241852487133
-0.9622931847406777
-0.9622707797772065
-0.9622441113490366
-0.9622089041095893
-0.9621822849807447
-0.9621514114627887
-0.9621120136810604
-0.9620811965811966
-0.9620418624519433
-0.9620239111870201
-0.9620102432778491
-0.9619837883959041
-0.9619488272921112
-0.9619138959931799
-0.9618789944610144
-0.9618313458262351
-0.9617965091528309
-0.9617872340425531
-0.9617652062951929
-0.9617304421768708
-0.9616744581385467
-0.9616397621070515
-0.9616178343949049
-0.9615916808149406
-0.9615528213831144
-0.9615224766751481
-0.9614921576939381
-0.9614788135593222
-0.9614612452350698
-0.961439458086368
-0.9614134574693187
-0.9613705583756339
-0.9613488372093019
-0.9613229078613695
-0.961301225179552
-0.961262668918919
-0.9612157028281978
-0.961189873417721
-0.9611640657950232
-0.9611340640809442
-0.9610914454277291
-0.96106149957877
-0.9610442105263161
-0.9610101010101018
-0.9609928481278921
-0.9609714045416317
-0.9609331651954603
-0.9608949579831926
-0.9608609827803442
-0.9608270361041147
-0.9607889215274864
-0.9607550335570465
-0.9607127882599581
-0.9606621961441744
-0.9606242144951825
-0.9605778894472359
-0.9605441607367098
-0.9605104602510464
-0.9604726056043493
-0.960426421404682
-0.9603928123694103
-0.960359231411863
-0.9603256784968682
-0.9602963272120201
-0.9602628285356694
-0.9602335279399503
-0.9601875781575658
-0.9601583333333332
-0.9601416076634738
-0.9601248959200663
-0.9600873907615479
-0.9600582362728792
-0.960049896049896
-0.9600249376558604
-0.9600166181969256
-0.9599833887043191
-0.9599252801992528
-0.9598921161825723
-0.9598797179593529
-0.9598673300165836
-0.9598508081226691
-0.9598260149130075
-0.9597846790890275
-0.9597723509933773
-0.9597558957385189
-0.9597353184449959
-0.9597064902852415
-0.9596694214876034
-0.9596406443618338
-0.9596118909991741
-0.9595914156004952
-0.9595833333333339
-0.9595505154639175
-0.9595177246496293
-0.9594973217964562
-0.9594357495881384
-0.9593824619184851
-0.9593621399176954
-0.959325380501851
-0.9592968749999998
-0.9592601726263875
-0.9592193919474117
-0.959182751540041
-0.9591789819376024
-0.9591505949938447
-0.9591099261689909
-0.9590897908979089
-0.9590614754098358
-0.959020893076608
-0.9590049140049142
-0.9589848546868606
-0.9589648117839609
-0.9589447852760739
-0.9589043336058868
-0.9588639149979565
-0.9588480392156866
-0.9588280930992239
-0.958791836734694
-0.9587637698898406
-0.9587275693311581
-0.9586832450061151
-0.9586634066829666
-0.9586558044806519
-0.9586197068403909
-0.9585632885632885
-0.9585272579332795
-0.9585075233834894
-0.9584918699186993
-0.9584802925639986
-0.9584240454914702
-0.9583759642712139
-0.9583522727272724
-0.9583326572008117
-0.9583090024330896
-0.9582853668423185
-0.9582576985413295
-0.9582341028756575
-0.9582145748987854
-0.95818292189397
-0.9581634304207118
-0.9581439547108769
-0.9581123686337913
-0.9580686868686871
-0.9580452342487885
-0.9580177634234965
-0.957998385794996
-0.9579790237999191
-0.9579475806451616
-0.9579161628375651
-0.9578928283642221
-0.9578654853000401
-0.9578462157809979
-0.9578148893360159
-0.9577916331456154
-0.9577563329312427
-0.9577290996784563
-0.9577139413419045
-0.957694779116466
-0.9576676033721399
-0.9576565008025686
-0.9576213397513038
-0.9576022453889336
-0.9575791583166332
-0.9575681089743593
-0.9575410492591108
-0.9575180144115294
-0.9574789915966386
-0.9574600000000005
-0.9574410235905634
-0.95742206235012
-0.9573911306432281
-0.9573642172523961
-0.9573532934131734
-0.9573543495610539
-0.9573274830474666
-0.9572846889952157
-0.9572459147070548
-0.9572390438247009
-0.9572162485065714
-0.9572014331210191
-0.9571707122960607
-0.9571479713603823
-0.9571332007952283
-0.9571065182829888
-0.957056019070322
-0.9570373312152498
-0.957034537514887
-0.9570198412698413
-0.9569892899643
-0.9569468675654241
-0.9569163694015062
-0.9568898573692546
-0.956859405940594
-0.956832937450515
-0.9568144044321336
-0.9567998417721522
-0.9567852906287075
-0.9567865612648215
-0.9567562228368235
-0.9567101105845179
-0.9566679826292931
-0.9566574585635359
-0.9566272189349115
-0.9565930599369085
-0.956562869530942
-0.9565169424743888
-0.956502560063017
-0.9564960629921258
-0.956462022825659
-0.9564319433516915
-0.9564136846244591
-0.9563915094339623
-0.9563536345776033
-0.956335428122545
-0.9563250883392227
-0.9563226059654627
-0.9563005100039227
-0.9562666666666665
-0.9562289298314386
-0.9562186520376177
-0.9562083822953389
-0.9561746280344553
-0.9561409001956948
-0.9561071987480442
-0.9560813453265549
-0.9560476935105554
-0.9560375146541616
-0.9560156249999997
-0.9559781335415855
-0.9559523809523811
-0.9559227467811161
-0.9559048361934476
-0.9558752436647175
-0.9558378799688231
-0.9558161277756138
-0.955802180685358
-0.9557765667574931
-0.9557626459143964
-0.9557487359004281
-0.9557192846034215
-0.9556781966575985
-0.955656565656566
-0.9556349514563109
-0.9556211180124222
-0.9556072953046177
-0.9555740884406511
-0.9555409073284215
-0.9555232558139538
-0.9554901201084851
-0.9554647560030982
-0.9554394115369721
-0.9554179566563468
-0.9553965183752412
-0.9553789636504257
-0.9553536915345959
-0.9553168469860891
-0.9552761684047895
-0.9552432432432434
-0.9552142030104206
-0.9551851851851854
-0.9551716158889318
-0.9551464919043948
-0.9551021194605009
-0.9550654853620955
-0.9550211782826337
-0.9550038491147035
-0.9549903809157366
-0.9549653846153845
-0.9549404075355635
-0.9549308224442741
-0.954898194391087
-0.9548655913978498
-0.9548291746641075
-0.9548081350729085
-0.9548062907556583
-0.9547852760736194
-0.9547566117286316
-0.9547241379310344
-0.9546878590578323
-0.9546707503828487
-0.9546536548029088
-0.9546212700841622
-0.9546042065009561
-0.9546024464831803
-0.9545739396255256
-0.9545301757066461
-0.9544864452080946
-0.9544503816793894
-0.9544257916825636
-0.9544164759725404
-0.9544033549370949
-0.9543788109756101
-0.9543466666666665
-0.9543107387661842
-0.9542900647125997
-0.9542656012176565
-0.9542259414225939
-0.9542015209125477
-0.9541885214747242
-0.9541641337386018
-0.9541473604253703
-0.9541192103264994
-0.9540948766603418
-0.9540819423368739
-0.9540803943875613
-0.9540447308567097
-0.954005305039788
-0.9539848484848484
-0.9539530480878453
-0.9539364118092353
-0.9539046538024971
-0.953891830559758
-0.95386011342155
-0.953847316704459
-0.9538345296562144
-0.9538255287009066
-0.9537787844469615
-0.9537433962264151
-0.9537268955111279
-0.9537028657616891
-0.9536637768563887
-0.9536397889977393
-0.9536045197740113
-0.9535768072289151
-0.9535566428302602
-0.953540255831452
-0.9535163595336594
-0.9534962406015036
-0.9534686208192408
-0.9534447783621338
-0.9534134434847914
-0.9533783783783776
-0.9533583489681053
-0.953345836459115
-0.953310836145482
-0.9532646176911542
-0.9532334207568379
-0.9532284644194762
-0.9532197678771991
-0.9531998502994008
-0.9531500187055745
-0.9531151832460728
-0.9530953271028038
-0.9530605381165925
-0.9530444527456106
-0.9530209111277073
-0.9529861888764468
-0.9529664179104474
-0.9529354718388658
-0.9529082774049218
-0.952873648900485
-0.9528464977645308
-0.9528230912476723
-0.9528034251675357
-0.9527837737253445
-0.952752976190476
-0.9527407958348831
-0.9527211895910781
-0.9526978818283166
-0.9526671619613666
-0.9526364649090239
-0.9526020786933926
-0.9525825602968464
-0.952559347181009
-0.9525398591027069
-0.9525203854707187
-0.9524898110411258
-0.9524703703703704
-0.9524361347649016
-0.9524167283493712
-0.9523973362930078
-0.9523631656804734
-0.952354898336414
-0.9523429416112341
-0.9523125230882897
-0.9522932053175777
-0.9522739018087856
-0.9522583025830259
-0.9522316488380669
-0.9522087020648966
-0.9521747143383711
-0.9521554900515845
-0.9521289134438304
-0.9520913107511043
-0.9520684578579314
-0.9520382634289917
-0.9520264803236483
-0.9520220588235291
-0.9519955898566704
-0.9519728141072744
-0.9519537275064269
-0.9519346549192363
-0.9519155963302759
-0.9519038884812916
-0.9518958562522922
-0.951880498533724
-0.9518541590326126
-0.9518351648351646
-0.9518161845477845
-0.9518155197657399
-0.951800219538968
-0.9517629846378933
-0.9517367458866545
-0.9517214912280704
-0.9517025940811109
-0.9516837107377647
-0.9516538882803945
-0.9516240875912402
-0.9516052535570962
-0.9515937272064185
-0.9515785636164782
-0.951567055393586
-0.9515628415300543
-0.9515477057538237
-0.9515398616672729
-0.9515065502183404
-0.951458712259003
-0.951454545454546
-0.9514431115957832
-0.9514280523255814
-0.9514057391936067
-0.9513834422657956
-0.9513647912885662
-0.9513570391872276
-0.9513347841857087
-0.9513125453226975
-0.9512903225806452
-0.951260869565217
-0.9512423035132201
-0.9512273714699497
-0.9512124502352518
-0.951183068017366
-0.9511717902350816
-0.9511388286334056
-0.9511167329237441
-0.9510838150289017
-0.951054532322138
-0.9510469314079427
-0.9510249007578494
-0.9509668109668108
-0.9509231878831588
-0.950904830569575
-0.9508864864864865
-0.9508645533141208
-0.9508390349297808
-0.9508099352051835
-0.9507772580064769
-0.9507697841726618
-0.9507479323984177
-0.9507117181883535
-0.9506863097376929
-0.9506573275862068
-0.9506319569120286
-0.9506281407035173
-0.9506099748833869
-0.9505954088952653
-0.9505808533524557
-0.9505483870967742
-0.9505266929415985
-0.9505229226361034
-0.9505084138918725
-0.9504939155332857
-0.9504722719141327
-0.9504399141630904
-0.9504040042903111
-0.9503895639742672
-0.950382279385495
-0.9503642857142854
-0.9503320242770441
-0.9503069236259816
-0.9502818408847667
-0.9502603423680455
-0.9502459893048125
-0.9502066999287241
-0.9501816886355536
-0.9501531339031339
-0.9501210395158418
-0.9500889679715304
-0.9500498043400926
-0.9500213371266005
-0.9500106647707075
-0.9499893390191896
-0.9499715808170519
-0.9499467329545456
-0.9499219027334042
-0.9498970901348471
-0.9498652004256831
-0.9498297872340424
-0.9497908543069833
-0.949776754075124
-0.9497484945093874
-0.9497060906515585
-0.9496814159292037
-0.9496567586694975
-0.9496285815351966
-0.9496181046676097
-0.9496005655708731
-0.9495759717314488
-0.9495478629459548
-0.9495268361581918
-0.9495022943875752
-0.9495024700070577
-0.949470899470899
-0.9494252468265162
-0.949400775467042
-0.9493692741367163
-0.9493554068333917
-0.9493345070422536
-0.9492925026399154
-0.94926812104152
-0.9492472740063315
-0.9492194092827002
-0.9491950790861162
-0.9491672522839079
-0.9491464699683881
-0.9491186797752811
-0.9491014391014388
-0.9490912280701755
-0.9490775166608207
-0.9490497896213179
-0.949022082018927
-0.9490014015416957
-0.9489772329246934
-0.9489460784313721
-0.9489324466223311
-0.9489118264520638
-0.9488807275271074
-0.9488391608391612
-0.9488185948968889
-0.9488085255066384
-0.948791477471184
-0.9487744413407824
-0.9487364746945898
-0.948712491277041
-0.9487094523892574
-0.9486994421199441
-0.9486685256186828
-0.9486411149825784
-0.9486137234413097
-0.9485933147632315
-0.9485764009745915
-0.948559498956159
-0.9485391304347831
-0.9485187760778857
-0.9484949600278065
-0.9484607366226545
-0.9484543244182007
-0.9484444444444446
-0.9484137452273513
-0.9483830673143655
-0.948369753728755
-0.9483529819694868
-0.9483362218370884
-0.9483264033264035
-0.9483027364045725
-0.9482790858725765
-0.9482589131187266
-0.9482214532871973
-0.9482013144240744
-0.9481742738589212
-0.9481334255098511
-0.9481098825155492
-0.9480829015544046
-0.9480524861878459
-0.9480186399723847
-0.9479882677708765
-0.9479406691962743
-0.9479137931034479
-0.9478938297138921
-0.9478566505858034
-0.9478367206338266
-0.9478133608815427
-0.9477969018932876
-0.947777013076394
-0.947750257997936
-0.9477303988995875
-0.9476968030250942
-0.9476701030927831
-0.9476399862590177
-0.9476133241758249
-0.9475866803982147
-0.9475669183253257
-0.947550600343053
-0.9475205761316873
-0.947504285224546
-0.9474982864976014
-0.9474717368961967
-0.9474383561643837
-0.947408421773365
-0.9473716632443531
-0.9473520355798839
-0.9473461012311906
-0.9473162393162393
-0.947282980177717
-0.9472497437649469
-0.947223360655738
-0.9471935814271079
-0.9471808873720136
-0.9471647901740016
-0.9471350613915415
-0.9471155813160584
-0.9470824812542605
-0.9470528109028962
-0.9470470027247953
-0.9470275791624104
-0.9469877467665075
-0.9469751616195987
-0.9469455782312928
-0.9469194151649102
-0.9468966689326989
-0.9468807339449543
-0.946864809782609
-0.9468421052631577
-0.946816021724372
-0.9467865626060401
-0.9467740841248303
-0.9467514411664975
-0.9467186440677962
-0.9467129786513047
-0.94670054200542
-0.9466779546224179
-0.946645226811104
-0.9465989847715734
-0.9465832205683357
-0.9465742306391616
-0.9465517241379304
-0.9465190942886111
-0.9464797297297299
-0.946443768996961
-0.9464213369345036
-0.9464056699291258
-0.9463832658569502
-0.9463507588532881
-0.9463216453135539
-0.9462858105830805
-0.9462533692722376
-0.9462310542270127
-0.946208754208754
-0.9461730057219794
-0.9461507402422614
-0.9461116717120754
-0.9460759919300604
-0.9460504201680676
-0.9460315860215056
-0.9459959690964054
-0.9459704499664201
-0.9459348774756623
-0.9458959731543625
-0.9458738678295875
-0.9458417169684772
-0.9458196446530333
-0.9457975871313671
-0.9457621440536015
-0.9457300736771601
-0.9457181118178775
-0.9456961178045518
-0.9456641017062563
-0.9456387959866223
-0.9456268806419257
-0.9455915775401073
-0.9455562980287335
-0.9455210420841688
-0.9455025041736227
-0.9454806408544723
-0.9454587921254591
-0.9454436290860575
-0.9454251417139041
-0.9453966666666663
-0.9453548817060984
-0.9453197868087938
-0.9452980352980354
-0.9452663115845543
-0.9452445923460902
-0.9452195608782431
-0.9451812437645493
-0.9451628989361701
-0.9451478896643404
-0.9451262458471757
-0.945121222185321
-0.945089641434263
-0.9450448058413543
-0.9450199071001992
-0.9449917081260368
-0.9449635278514588
-0.9449419953596293
-0.9449271040424123
-0.9448989731699241
-0.9448675496688739
-0.9448328368090038
-0.944804765056254
-0.9447899437644719
-0.9447817460317463
-0.9447404958677689
-0.9447191011235949
-0.9446878097125865
-0.9446400264200788
-0.9446219874546053
-0.9446171617161718
-0.9445991421972946
-0.9445811345646437
-0.9445466534784045
-0.9445154911008571
-0.9445074135090605
-0.9444861660079055
-0.9444583470530135
-0.9444371296905856
-0.9444027640671274
-0.9443651315789481
-0.9443341006247951
-0.9443162393162389
-0.9442852448241866
-0.9442509855453354
-0.944223316912972
-0.9441923834537097
-0.9441581883820152
-0.9441404199475066
-0.9441128238766809
-0.944095081967213
-0.9440707964601771
-0.9440465268676281
-0.9440189977071727
-0.9439882121807469
-0.9439705400981994
-0.9439659685863875
-0.9439385017991496
-0.9439045127534333
-0.9438705459300425
-0.943833333333333
-0.9437994119568768
-0.9437851077726975
-0.9437740777015997
-0.9437597911227152
-0.9437063621533442
-0.9436692759295501
-0.9436452559504401
-0.9436277705345497
-0.9435940045617467
-0.9435570032573289
-0.9435232823184628
-0.9434863281250001
-0.9434624145785879
-0.9434320104098893
-0.9434146341463419
-0.9433972691807543
-0.9433701657458559
-0.943326835607537
-0.9432932770379995
-0.9432499999999995
-0.9432262252515419
-0.9432024659312135
-0.9431722348361986
-0.9431387808041504
-0.943105348460292
-0.9430784186649381
-0.9430417881438289
-0.9430148963730574
-0.9429912593072192
-0.9429514563106797
-0.9429084438692985
-0.9428751617076326
-0.9428548334949887
-0.9428248222365869
-0.9427948303715674
-0.942768087855297
-0.9427349047465289
-0.9427017430600386
-0.9426750564698289
-0.9426387096774197
-0.9426056110931958
-0.942591876208898
-0.9425555913631967
-0.9425096649484531
-0.9424605475040255
-0.9424211204121059
-0.942407467009978
-0.9423841698841703
-0.9423576712769375
-0.9423151125401928
-0.9422757955641269
-0.9422493573264782
-0.9422454224221011
-0.9422286448298012
-0.9421926163723918
-0.9421694480102697
-0.9421398780879051
-0.9421039127645926
-0.9420872074382813
-0.9420544871794874
-0.9420217878884969
-0.9420179372197306
-0.942004482869036
-0.941968629961588
-0.9419295999999997
-0.9419033909149068
-0.9418899904061394
-0.9418638107416879
-0.941818472355385
-0.9417923322683706
-0.9417757904822741
-0.9417624521072796
-0.9417299712735391
-0.9417038927887684
-0.9416714513556619
-0.9416294642857143
-0.94160025502072
-0.9415678776290628
-0.9415578209620901
-0.9415605095541407
-0.9415377268385872
-0.941489497135582
-0.941463569837735
-0.9414472010178122
-0.941424483306836
-0.9414049586776855
-0.9413727359389894
-0.941353240152478
-0.9413432835820895
-0.9413269841269841
-0.9412980006347196
-0.9412848984771576
-0.9412686330478909
-0.9412460367786935
-0.9412297939778133
-0.9412072243346004
-0.9411561609122582
-0.9411336288790372
-0.9411206077872744
-0.9410981012658226
-0.9410850996520087
-0.941059456040481
-0.9410211824217515
-0.9409924146649812
-0.9409636650868876
-0.9409444093493365
-0.9409188506473005
-0.9408838383838386
-0.9408583149258442
-0.9408359621451102
-0.9408136234626301
-0.9408039092055486
-0.9407942010715407
-0.9407750472589794
-0.9407496062992124
-0.9407210327455917
-0.9406924771797293
-0.940667086217747
-0.94064485687323
-0.9406226415094336
-0.9405752907890601
-0.9405499685732248
-0.9405340873389885
-0.9405244974874374
-0.9405054945054951
-0.9404896421845577
-0.9404706620646379
-0.9404391468005019
-0.940407651301348
-0.940382445141066
-0.9403729238483236
-0.9403571428571432
-0.9403351080488569
-0.9402880400751412
-0.9402347417840372
-0.9402315394242803
-0.9402220832030029
-0.9401938711694808
-0.9401437949359172
-0.9401218749999996
-0.9401062168072477
-0.9400718301061833
-0.9400593193880742
-0.9400280898876404
-0.9399937597503903
-0.9399781659388645
-0.9399563454942311
-0.939931421446384
-0.9399158616391401
-0.9398971962616822
-0.9398785425101218
-0.9398567870485679
-0.9398132586367877
-0.9397759800871195
-0.9397511664074649
-0.9397388059701492
-0.9397109107864473
-0.9396923555003105
-0.9396613855234551
-0.939614906832298
-0.939599503259857
-0.9395872129112353
-0.9395749301892647
-0.9395657568238215
-0.9395379844961245
-0.9394792312461252
-0.9394546017973353
-0.9394485749690211
-0.9394301641375032
-0.9394210526315796
-0.9393871866295262
-0.939356435643564
-0.9393442622950819
-0.9393166357452069
-0.9392982998454403
-0.9392799752781211
-0.939252394192153
-0.939243360098827
-0.9392312442111762
-0.9392098765432099
-0.9391545819191603
-0.9391270820481182
-0.9391026827012028
-0.9390628853267567
-0.9390508474576268
-0.9390264941466419
-0.9389898367724056
-0.9389655172413801
-0.9389504462911663
-0.9389323076923078
-0.9389141802522297
-0.9389022140221404
-0.9388718106363355
-0.9388444990780578
-0.9388233486943162
-0.9388022113022119
-0.9387810868897759
-0.9387446286065066
-0.938729671678429
-0.9387208588957056
-0.9386813860778903
-0.9386572654812997
-0.9386209010113394
-0.9386090686274515
-0.9385972434915776
-0.9385854255970607
-0.9385460667278849
-0.9385036719706246
-0.9384704802691958
-0.9384464831804279
-0.938434729440538
-0.9384046454767727
-0.9383776351970669
-0.9383567501527189
-0.9383297709923663
-0.9383089133089132
-0.9382850167836437
-0.9382641854789501
-0.9382372674595907
-0.9382012195121958
-0.9381804327948788
-0.9381505179768433
-0.9381084374048129
-0.9380724725943976
-0.9380639269406394
-0.938043213633598
-0.938022512929723
-0.937998783454988
-0.9379416235937975
-0.9378936170212765
-0.9378699483439681
-0.9378523693803159
-0.9378287276040086
-0.9377990285367336
-0.9377784522003038
-0.9377366504854372
-0.9377039733090694
-0.9376531231049117
-0.9376235222794789
-0.93759696969697
-0.9375734625870947
-0.9375590551181102
-0.9375416288222828
-0.9375181598062956
-0.9374977307110438
-0.9374682395644282
-0.9374327184759602
-0.9374153567110036
-0.9374070716228462
-0.9373746223564952
-0.9373512533977653
-0.9373248792270527
-0.9373075762149109
-0.9372993361496685
-0.9372880844645547
-0.9372647768395658
-0.9372414832680134
-0.9372151898734178
-0.9371889123229888
-0.9371656626506025
-0.9371424269798257
-0.9371222155328115
-0.9370959975925369
-0.9370607701564383
-0.9370345864661648
-0.9370144317498496
-0.9369942891493832
-0.9369741586538466
-0.9369480324421745
-0.9369249249249251
-0.9368898228760135
-0.9368727490996399
-0.9368556855685565
-0.9368356328734246
-0.9368215892053975
-0.9367925659472423
-0.9367575666766548
-0.9367375674056317
-0.9367205750224614
-0.9366916167664668
-0.9366806345405557
-0.9366606822262117
-0.9366347591983245
-0.9366088516746415
-0.9365769805680121
-0.9365451285116564
-0.936519270988945
-0.9364994026284347
-0.9364646163033743
-0.9364358208955226
-0.9364040584900024
-0.9363812649164678
-0.9363704145541308
-0.9363357185450211
-0.9362980625931445
-0.936290226460072
-0.9362764372952042
-0.9362626563430618
-0.9362280440607327
-0.9361904761904762
-0.936158881285331
-0.9361451516954191
-0.9361314302705918
-0.9361087990487513
-0.9360921248142637
-0.936060606060606
-0.936038016038016
-0.9360273159144896
-0.9360136539032357
-0.9359910979228485
-0.9359566894096707
-0.9359311981020164
-0.9359086866291133
-0.9358861885002965
-0.9358607407407408
-0.9358353080568717
-0.9358128516434705
-0.9357904085257546
-0.9357679786919205
-0.9357426035502954
-0.935723158828749
-0.9356978119455945
-0.9356783919597992
-0.9356619385342789
-0.9356277695716395
-0.9356083874778498
-0.9355919692943607
-0.935554899645809
-0.935541457657126
-0.9355073746312683
-0.9354644647596585
-0.9354540094339625
-0.9354347185381673
-0.9354242781378901
-0.9354079528718698
-0.9353857479387518
-0.9353606123049748
-0.9353472630959387
-0.9353280376581344
-0.9353000000000001
-0.935271978829756
-0.935249853027631
-0.9352277402292095
-0.9352027027027028
-0.9351747430249635
-0.9351556077510275
-0.9351423539771061
-0.9351144366197184
-0.9350718685831623
-0.9350381231671555
-0.9350043975373794
-0.9349706916764364
-0.9349516554351008
-0.9349297012302281
-0.9349106881405569
-0.9348946135831382
-0.934860989171788
-0.9348361614979521
-0.9348230476747585
-0.9348099415204678
-0.934776381175095
-0.934742840444185
-0.9347122407245106
-0.9346787383177566
-0.9346569343065697
-0.9346409807355514
-0.9346221184709657
-0.934614935822637
-0.9345931758530185
-0.9345685131195333
-0.9345467793646168
-0.9345250582750586
-0.9344916982231284
-0.9344758299359341
-0.9344599708879183
-0.9344383003492435
-0.9344282804771605
-0.934418266433973
-0.9343995347484738
-0.934377906976744
-0.9343650101714616
-0.934340499709471
-0.9343130990415335
-0.9342915214866434
-0.9342728592162551
-0.934254207777133
-0.9342500725268346
-0.9342285382830631
-0.9342041171354016
-0.9341942028985512
-0.9341784989858012
-0.9341685979142521
-0.934150014480162
-0.9341227562246671
-0.9341157742402315
-0.9340885416666664
-0.9340700028926819
-0.9340543666859457
-0.934024284475282
-0.9340086705202312
-0.9339843975729555
-0.933963027151935
-0.9339445567427087
-0.9339260969976907
-0.9339105339105339
-0.933886324293133
-0.9338477069512546
-0.9338148788927336
-0.9337993658114727
-0.9337925072046112
-0.9337827715355804
-0.9337557603686636
-0.9337201266916212
-0.933701784686241
-0.9336805755395683
-0.9336536248561563
-0.9336353178027035
-0.9336170212765957
-0.9336073584363322
-0.9335833333333333
-0.9335420856075839
-0.9335123492245839
-0.9334883720930232
-0.9334873708381168
-0.9334662840746054
-0.9334394721744119
-0.9334040722684257
-0.9333772935779814
-0.9333677271424478
-0.9333553008595988
-0.9333285591521054
-0.9332989690721649
-0.9332608073289436
-0.933242701774471
-0.9332331902718168
-0.9332093821510297
-0.933194166428367
-0.9331761006289306
-0.9331494712775082
-0.9331257142857143
-0.9331105398457585
-0.9330896630496861
-0.9330830716528691
-0.9330565068493152
-0.9330356633380884
-0.9330176839703361
-0.9329968634160254
-0.9329675028506271
-0.9329438586491878
-0.9329173789173784
-0.9329051552264315
-0.9328843963553533
-0.9328522630230575
-0.9328457598178719
-0.9328307254623042
-0.9328185437997721
-0.9328006823997729
-0.9327771461057413
-0.9327536231884055
-0.9327357954545454
-0.9327151377449587
-0.9326944917660424
-0.9326795344876525
-0.9326589103291716
-0.9326439716312058
-0.9326120249574588
-0.9325800963992062
-0.932556689342404
-0.9325389628790023
-0.9325184135977335
-0.9325063721325405
-0.9324801812004531
-0.9324766487404471
-0.932470288624788
-0.9324582743988681
-0.9324575791855204
-0.932428611817925
-0.9324109666478237
-0.9323961571065272
-0.9323728813559324
-0.9323609149957641
-0.9323461321287404
-0.9323172452723685
-0.9322940180586908
-0.9322849083215793
-0.9322645234066552
-0.9322441499859034
-0.932246335963923
-0.9322344322344323
-0.9322000000000003
-0.9321684032666855
-0.9321396396396397
-0.9321193357725871
-0.9321074845244798
-0.9320872011251753
-0.9320500562429699
-0.9320157436041612
-0.9319955030916246
-0.9319668446192751
-0.931955056179775
-0.9319348497613027
-0.9319118472768109
-0.9318804378332863
-0.93185746352413
-0.9318429172510523
-0.931831183398766
-0.9317942248388005
-0.9317572869955155
-0.9317371812832725
-0.9317114845938369
-0.9316746009521141
-0.9316433370660697
-0.9316120906801006
-0.9316004476776718
-0.9315720279720278
-0.931543624161074
-0.9315180318702825
-0.9314868641699272
-0.9314696842693487
-0.9314525139664802
-0.9314353532532816
-0.93140145170296
-0.9313647781188956
-0.9313392857142861
-0.9313305439330546
-0.9313162297824873
-0.9312935600780599
-0.9312736900780376
-0.9312454722764002
-0.9312339832869084
-0.931214146477305
-0.9311831848552343
-0.931163373225717
-0.9311435726210346
-0.9311154381084839
-0.9310928809788648
-0.9310536558242979
-0.9310255697609778
-0.9310086135037514
-0.930986111111111
-0.9309719522354899
-0.9309550249861185
-0.9309159034138216
-0.9308906770255273
-0.9308821081830791
-0.9308596783139208
-0.9308511228167453
-0.9308287139689582
-0.9308007758381821
-0.9307894736842105
-0.9307837164220445
-0.9307751937984498
-0.930744533628563
-0.9307221914775868
-0.930705394190871
-0.9306858407079652
-0.9306828863699198
-0.9306716417910447
-0.9306382978723405
-0.9305801104972379
-0.9305661419497379
-0.9305632247377144
-0.9305437482749103
-0.9305298013245036
-0.9305020689655171
-0.9304743519029229
-0.9304521643231318
-0.9304189636163176
-0.930405070267291
-0.9303691460055095
-0.9303277334067751
-0.9303111233480179
-0.9302945224332513
-0.9302834342322509
-0.9302668500687759
-0.9302420242024206
-0.9302117129502337
-0.9301951621770198
-0.9301758724924427
-0.9301565934065935
-0.9301428179071678
-0.9301098297638662
-0.9300768597309912
-0.9300603732162459
-0.9300548696844995
-0.9300246845858474
-0.9299945160405811
-0.9299753289473689
-0.9299588928473551
-0.9299424657534248
-0.9299205697069294
-0.9298822562979193
-0.9298658636736927
-0.9298467432950188
-0.9298303693570452
-0.9298140043763674
-0.9297949138638226
-0.9297731000546742
-0.9297458321945888
-0.9297295081967211
-0.9297104616225075
-0.9296914254505735
-0.9296642096642096
-0.9296260917030565
-0.9296098226466576
-0.9296044735406437
-0.9295991273520589
-0.9295801526717554
-0.9295475606432265
-0.9295122615803818
-0.9294960501225826
-0.9294771241830067
-0.9294663762591885
-0.9294447468698965
-0.9294122448979587
-0.9293906420021761
-0.9293853685069348
-0.9293665035345297
-0.9293449306876868
-0.9293152173913046
-0.9292800869328987
-0.9292639869636063
-0.9292370350257942
-0.9292236699239961
-0.9291994572591591
-0.9291671188279981
-0.9291510713317054
-0.9291350325379613
-0.9291162916779615
-0.9290948509485096
-0.9290680032511516
-0.9290357529794149
-0.929027890603845
-0.9290200324851109
-0.9290067658998644
-0.9289853896103896
-0.9289613199891805
-0.9289372633856136
-0.9289213300892135
-0.9289000000000008
-0.9288678735476898
-0.9288492706645056
-0.9288252768025924
-0.9288120950323976
-0.9287935222672062
-0.9287695628710197
-0.9287564067979498
-0.9287378640776704
-0.9287085467781074
-0.9286630727762804
-0.9286337914308811
-0.9285964439655178
-0.9285698895771614
-0.9285487345180395
-0.9285141318977119
-0.9284849300322928
-0.9284665052461664
-0.9284427111350186
-0.9284162409249801
-0.9284032258064521
-0.9283740929857568
-0.9283449758194519
-0.9283212463067416
-0.9282841031149301
-0.9282684563758391
-0.9282367149758456
-0.9282130399785353
-0.9281786480686695
-0.9281496379726473
-0.9281260053619306
-0.9281050656660412
-0.9280948553054664
-0.9280658987409589
-0.9280396357793252
-0.9280240963855421
-0.9280085653104925
-0.9279823387744179
-0.9279561262707334
-0.9279352768119814
-0.9279064171122998
-0.9278882651697409
-0.9278674505611972
-0.9278519903820466
-0.9278418803418802
-0.9278184245660879
-0.9277869727709558
-0.9277608753669603
-0.9277401280683029
-0.9277140570818885
-0.9276800000000001
-0.9276432951213006
-0.9276279317697227
-0.927601918465228
-0.9275785828449653
-0.9275525965379494
-0.9275319488817888
-0.9275113122171947
-0.9275013304949445
-0.9274833732375635
-0.92744414893617
-0.9274102632278648
-0.9274056353003715
-0.9273903800159446
-0.9273751328374069
-0.9273386454183269
-0.9273101433882104
-0.9272896203875766
-0.927282377919321
-0.9272645263995755
-0.9272413793103447
-0.927226199946964
-0.9272083775185572
-0.9271720116618077
-0.9271330153683093
-0.927107284768212
-0.9270842161016946
-0.9270717500661898
-0.9270539968237164
-0.9270283143688807
-0.9269973544973545
-0.9269796350171908
-0.9269645690111047
-0.9269547977795398
-0.9269318181818185
-0.9268982826948481
-0.9268700475435822
-0.9268497491418007
-0.9268294614572333
-0.926803906043811
-0.9267757255936674
-0.926760749142706
-0.9267378691983125
-0.9267070920116002
-0.9266921454928836
-0.9266745718050069
-0.9266464699683877
-0.926623650250198
-0.9265929436545555
-0.9265569886812319
-0.9265473684210527
-0.9265219679031838
-0.926493950552341
-0.9264712069418879
-0.9264511041009464
-0.9264283837056502
-0.9264135575407256
-0.9263934856842657
-0.9263707983193278
-0.9263481228668947
-0.9263254593175851
-0.9262923117292048
-0.9262644281217208
-0.9262496721741408
-0.9262270582066071
-0.9262070773263436
-0.9261949685534592
-0.9261592873984802
-0.9261367207962283
-0.9261194029850741
-0.9260732984293197
-0.9260429207013872
-0.9260282574568288
-0.9259926759089724
-0.9259544979079495
-0.9259424836601308
-0.9259121798222685
-0.9258688267572512
-0.9258516196447233
-0.9258370331679292
-0.9258067885117492
-0.9257739493604805
-0.9257489561586635
-0.9257213670753983
-0.9256937923839333
-0.9256714471968712
-0.9256491136600628
-0.9256085483450618
-0.9255810317873896
-0.9255561344100026
-0.9255286458333336
-0.9255115855246029
-0.9254919312857888
-0.925446265938069
-0.9254084287200831
-0.9253940182054614
-0.9253874154966197
-0.9253704185079283
-0.9253534303534303
-0.9253208625617043
-0.9252987012987013
-0.9252817450012987
-0.9252622014537905
-0.9252556449519858
-0.9252205500778408
-0.9251725032425416
-0.9251374481327802
-0.9251050038890333
-0.9250881285640226
-0.9250686706400625
-0.9250492227979276
-0.9250142450142447
-0.9249844640082857
-0.9249805850375356
-0.9249637681159417
-0.9249262613195346
-0.9249042938437657
-0.9248719937936386
-0.9248474663908999
-0.9248281209614888
-0.9248087855297151
-0.9247791268406097
-0.9247443181818186
-0.9247095274980635
-0.9246670108415074
-0.9246374193548386
-0.924623323013416
-0.9245911787464531
-0.924564208354822
-0.9245398298530548
-0.9245180412371135
-0.9244962638495228
-0.924474497681607
-0.9244527427246969
-0.9244258496395465
-0.9243912483912482
-0.924354091610911
-0.9243323900180087
-0.9243106995884771
-0.9242787348932889
-0.9242519280205655
-0.9242456951940374
-0.9242394655704007
-0.9242049833033653
-0.9241756548536211
-0.9241514762516041
-0.9241221765913754
-0.9241005901975882
-0.9240815802975885
-0.9240523211079765
-0.9240205128205133
-0.9239912842860805
-0.9239569451563302
-0.9239277478862418
-0.9239164959016396
-0.9239026888604355
-0.9238735279057861
-0.9238469413872533
-0.9238280450358238
-0.9238014837554362
-0.9237800511508951
-0.9237509588340577
-0.9237269938650305
-0.9237004855609505
-0.9236791006642819
-0.9236653895274585
-0.9236363636363634
-0.9236175644625989
-0.9235987748851455
-0.9235723398826235
-0.9235484693877553
-0.9235220606988009
-0.9235084140744517
-0.9234871271985726
-0.9234658511722736
-0.9234649681528662
-0.9234513499745285
-0.923432645785587
-0.9234012219959264
-0.9233850852634261
-0.9233740458015266
-0.9233655558382092
-0.9233494404883013
-0.9233307907449784
-0.9233045246568378
-0.9232858958068614
-0.9232596544715446
-0.9232334264668524
-0.9232199085830374
-0.9232165524244729
-0.9231979695431474
-0.9231616341030202
-0.9231380010147133
-0.923121988333756
-0.9231034482758619
-0.923089987325729
-0.9230689305625954
-0.9230529516088167
-0.9230243161094224
-0.9230058242593063
-0.9229873417721518
-0.9229713996456597
-0.922957995951417
-0.9229344801416641
-0.9229084471421348
-0.9229001264222504
-0.9228918099089987
-0.922868334596917
-0.9228398180899449
-0.9228264713311443
-0.9228131313131311
-0.922797273415804
-0.9227738515901056
-0.9227605349482717
-0.9227522704339052
-0.9227389659520807
-0.9227307110438724
-0.9226997731283083
-0.922666330645161
-0.9226480221718321
-0.9226272040302268
-0.9226038781163437
-0.9225805639476333
-0.9225622954945889
-0.9225390035228991
-0.9225182389937107
-0.92249245472837
-0.9224742268041243
-0.9224534942181998
-0.9224176928876605
-0.9223944723618089
-0.9223536799799045
-0.9223179306880961
-0.9223047953803664
-0.922296686746988
-0.922281053952321
-0.9222604114400403
-0.9222297466766992
-0.9221990972918758
-0.9221910253196292
-0.9221779448621555
-0.9221523427712356
-0.9221342685370744
-0.9221061858251942
-0.9220781171757639
-0.9220525657071341
-0.9220270270270268
-0.9220140105078807
-0.92200100050025
-0.9219679919979994
-0.9219250000000001
-0.9218995251187203
-0.9218865567216392
-0.9218661004246818
-0.9218406593406593
-0.9218177278401999
-0.9217948077883178
-0.921776890441727
-0.9217589820359281
-0.9217236218508359
-0.9217107231920195
-0.9216978309648467
-0.9216774675972084
-0.9216521305756291
-0.9216317887394117
-0.9216214196762147
-0.921606075697211
-0.9215857605177988
-0.9215530114484822
-0.9215327195819856
-0.9215124378109456
-0.9214871922407362
-0.9214719045251115
-0.9214615958240117
-0.921438866799205
-0.9214161490683235
-0.9213934426229509
-0.9213757139309664
-0.9213728897715991
-0.9213551749813849
-0.9213275434243176
-0.921304887124783
-0.9212822420634923
-0.9212620877758494
-0.9212493802677244
-0.9212342007434945
-0.9212016848364716
-0.921196432994798
-0.9211763249133236
-0.9211512750680865
-0.9211311881188117
-0.9211210096510767
-0.9211009401286495
-0.9210709868909226
-0.9210583580613256
-0.9210383189122376
-0.9210108749382115
-0.9209883864591052
-0.9209733201581025
-0.9209557915534704
-0.9209185185185186
-0.9208911379906194
-0.9208637709772955
-0.9208290155440415
-0.9207918105574742
-0.920786683107275
-0.9207692307692303
-0.9207591816613261
-0.920751601774273
-0.9207218526730724
-0.9206945812807882
-0.9206673233193794
-0.9206523879862136
-0.9206276150627615
-0.9206225393700787
-0.9206100861008604
-0.9205804230201668
-0.9205606097860831
-0.9205457227138645
-0.9205160973212092
-0.9204987714987718
-0.9204888233849172
-0.9204690569744595
-0.9204443898846059
-0.9204270986745214
-0.9204024539877299
-0.9203827281648674
-0.9203679175864604
-0.9203482099068175
-0.9203334150527085
-0.9203039215686275
-0.9202744425385931
-0.920252327290544
-0.9202253245162868
-0.920205680705191
-0.9201835985312115
-0.9201566324033282
-0.9201272326890141
-0.9201076320939332
-0.9200855955001228
-0.9200537897310511
-0.9200366658518709
-0.9200195503421311
-0.9199853408258001
-0.9199706888128972
-0.9199438339438334
-0.91991943359375
-0.919912130827434
-0.9199072718399224
-0.9198853378872894
-0.919863414634146
-0.9198293099244091
-0.9198025353486108
-0.9197952717523763
-0.9197733918128655
-0.9197563946406818
-0.9197418412079881
-0.9197102507913313
-0.9196786757546253
-0.9196446824044784
-0.9196253041362535
-0.9196132327900756
-0.9196108949416345
-0.9195866763919281
-0.9195551774428776
-0.9195431348724179
-0.9195286686103011
-0.9195190672820014
-0.9195021855269547
-0.9194756008739984
-0.9194344660194171
-0.9194079107012858
-0.9193983503153805
-0.9193718166383702
-0.9193549951503396
-0.919345454545455
-0.9193213766359666
-0.9192900411921494
-0.9192659883720932
-0.9192371034148702
-0.9192130750605328
-0.9191963205035104
-0.9191626331074544
-0.9191410597628837
-0.919124334784712
-0.9191172914147522
-0.919100580270793
-0.9190790427846267
-0.919055099081682
-0.9190384150761055
-0.9190144927536237
-0.9189954117362957
-0.9189739256397879
-0.9189427950760317
-0.9189237451737452
-0.918907117008444
-0.9188784370477565
-0.9188401253918493
-0.9188138862102216
-0.9187973005543504
-0.918785542168675
-0.9187713803902675
-0.9187427745664735
-0.9187093667228514
-0.91868560423688
-0.9186666666666666
-0.9186429258902793
-0.9186191965359634
-0.9186050986050986
-0.9185717720605915
-0.9185600961538459
-0.9185508291276134
-0.9185391638635274
-0.9185299063175593
-0.918506243996157
-0.9184801920768312
-0.9184565530484876
-0.9184353251739859
-0.9184045105566219
-0.9183857040057566
-0.9183693045563551
-0.9183481179573241
-0.9183437200383512
-0.9183345315121011
-0.918320555821754
-0.9183041916167667
-0.9182830459770115
-0.9182619104620544
-0.9182479655337482
-0.9182364201962194
-0.9182177033492822
-0.9182061707725421
-0.9181779053084648
-0.9181496533588331
-0.9181405353728489
-0.9181194743130228
-0.9181032011466793
-0.9180869357535228
-0.9180635148042028
-0.9180448794461682
-0.9180167064439138
-0.9179885468861844
-0.9179723282442752
-0.9179561173384211
-0.9179351454458746
-0.9178998808104888
-0.9178789323164922
-0.9178651417679294
-0.9178537398761317
-0.9178280542986432
-0.9178023809523809
-0.9177838609854799
-0.9177605901951454
-0.9177230549607427
-0.9176950523311131
-0.9177003567181924
-0.9176771279125062
-0.9176515331590204
-0.9176307034220532
-0.9176170111665484
-0.9176080760095011
-0.9175967703633343
-0.9175664767331427
-0.9175290766674579
-0.9175106786900805
-0.9175065243179124
-0.9174952561669828
-0.9174673938819066
-0.9174419155998098
-0.9174235600853285
-0.9174075829383888
-0.9173868751480692
-0.9173567029843673
-0.9173431210040256
-0.9173319128787878
-0.9173065088757396
-0.9172811168954095
-0.9172722971374497
-0.917263481551561
-0.917257034759991
-0.9172434988179673
-0.9172157882297328
-0.9171975425330813
-0.91719111741082
-0.9171681624940953
-0.9171452184179456
-0.9171270066100096
-0.9170946424356855
-0.9170717319490326
-0.917051191318707
-0.9170330188679243
-0.9170030653147841
-0.9169778406412072
-0.916947914211643
-0.91692507068803
-0.9168928150765606
-0.9168629298162979
-0.9168448316458678
-0.9168267419962336
-0.9168110143563191
-0.9167976470588232
-0.9167772288873208
-0.9167497648165568
-0.9167152598166003
-0.9166737188528447
-0.9166509988249119
-0.9166353383458646
-0.916605590791637
-0.9165969938938469
-0.9165884010331063
-0.9165704225352111
-0.9165360244074159
-0.9165133740028156
-0.9164977715224022
-0.9164634146341467
-0.9164407971864008
-0.9164064697608998
-0.9163674712913051
-0.9163425492033735
-0.9163246661981731
-0.916295081967213
-0.9162701943338796
-0.9162593632958799
-0.9162251345658785
-0.9161932615816566
-0.9161777777777772
-0.9161435921421888
-0.9161094224924018
-0.9160986442262736
-0.9160738490301467
-0.9160537383177569
-0.9160359729035277
-0.9160088743577771
-0.9159887929021715
-0.9159687208216621
-0.9159369894982495
-0.9159146056929535
-0.9158829017961273
-0.9158535447761192
-0.915835859174633
-0.915827505827506
-0.9157981822419012
-0.9157688723205968
-0.9157302585604473
-0.915700978108989
-0.9156810244470315
-0.9156540968342641
-0.9156178729346055
-0.9155909725453698
-0.91557338916027
-0.9155372093023254
-0.9155149965124388
-0.9154997675499768
-0.9154752498257024
-0.915455390334573
-0.9154285714285711
-0.9153924756154204
-0.9153447875551426
-0.915318012999071
-0.9153005337665351
-0.9152645011600932
-0.9152516817443747
-0.9152319109461966
-0.9152028750289822
-0.915183124710246
-0.9151448435689459
-0.9151135310472662
-0.915091498725967
-0.9150787401574803
-0.915054410743228
-0.915027777777778
-0.9150034714186535
-0.9149745488199909
-0.9149410131852881
-0.9149167437557816
-0.9148947976878609
-0.9148659269533056
-0.9148440027732839
-0.9148128465804065
-0.9147747747747746
-0.9147436489607389
-0.9147379358115906
-0.9147206832871655
-0.9146895915070391
-0.9146538994000921
-0.9146182237600919
-0.9146033210332101
-0.914588425178695
-0.9145689257722447
-0.9145333026042871
-0.9145115207373274
-0.9144897489057824
-0.9144679871027178
-0.9144485378770436
-0.9144267955801104
-0.9144004602991944
-0.9143856419696277
-0.9143547273982057
-0.9143261269549217
-0.9142952402851228
-0.9142735632183908
-0.914256492760285
-0.9142348345588234
-0.914201699977027
-0.9141754708314189
-0.9141515499425945
-0.9141276400367302
-0.9141037411062652
-0.9140775585130794
-0.9140422115164032
-0.9140275229357797
-0.914001375831232
-0.9139729481889041
-0.9139491175796464
-0.9139367552703942
-0.9139152348224506
-0.9138845625286299
-0.9138699335928554
-0.9138553113553111
-0.9138338292515445
-0.9138260869565218
-0.9138046213681082
-0.9137671546203111
-0.9137502858449575
-0.9137219935985368
-0.9136959999999997
-0.9136814442413166
-0.9136646104637884
-0.9136295111923252
-0.913605846083581
-0.9135844748858449
-0.913567678612189
-0.9135600182565041
-0.9135432352270138
-0.913515054744526
-0.9134732041049031
-0.9134496124031007
-0.9134283109186231
-0.9134206927985415
-0.9133994076099335
-0.913359908883827
-0.9133340924618542
-0.9133196721311481
-0.913302982016845
-0.9132885753299956
-0.9132627986348123
-0.9132324840764334
-0.9132067318626332
-0.9131923601637105
-0.9131802682427829
-0.9131704545454548
-0.913156100886162
-0.913119036801454
-0.9130978878037707
-0.9130858310626706
-0.9130624290578886
-0.9130503858374948
-0.9130315407306557
-0.9129900181488204
-0.9129689271943754
-0.9129387755102043
-0.9129199727952846
-0.9129011786038081
-0.9128846589621571
-0.912865881286815
-0.9128403171007929
-0.9128147644927533
-0.9127801675345266
-0.9127455862381169
-0.9127223353699927
-0.9127013574660636
-0.9126849129156303
-0.9126594301221163
-0.9126339588514584
-0.912617540687161
-0.9126011299435025
-0.9125756891098058
-0.9125525186356448
-0.9125316169828362
-0.9125107247685703
-0.9124943566591425
-0.9124757391108104
-0.9124503610108299
-0.9124340175953077
-0.9124131709517362
-0.9123900789177004
-0.91236699729486
-0.9123484336263245
-0.9123253717890938
-0.9122978148231587
-0.9122680180180182
-0.9122404863769421
-0.9122152183701033
-0.9121922124690527
-0.9121669666966697
-0.9121507311586053
-0.9121277552856497
-0.9120845513829552
-0.9120616007194247
-0.9120319172847836
-0.9120112359550565
-0.9119973039766347
-0.9119654088050311
-0.9119470020211093
-0.9119218679838348
-0.9118877665544334
-0.911846947935368
-0.9118240969261836
-0.9117967698519515
-0.9117739403453691
-0.9117556053811663
-0.9117238287379514
-0.9116965486328997
-0.9116827246246919
-0.9116577060931903
-0.9116304591265394
-0.9116211374832064
-0.9115939109021716
-0.9115666965085049
-0.9115573953904677
-0.9115369127516777
-0.9115209125475282
-0.9115049194991053
-0.9114799910574558
-0.9114461332141262
-0.9114256983240225
-0.9114075067024128
-0.9113669868215323
-0.91134435015632
-0.9113217235990176
-0.9112968749999998
-0.9112809640705195
-0.9112472110664883
-0.9112090118224403
-0.9111931311329177
-0.9111794871794876
-0.9111613909942045
-0.9111299309115224
-0.9111029411764706
-0.9110759634662506
-0.9110601336302894
-0.9110354041416163
-0.9110062333036507
-0.9109726240819053
-0.9109523809523812
-0.9109299221357068
-0.9109096975088968
-0.9108872581721148
-0.9108537127612267
-0.9108312958435206
-0.9108199999999996
-0.9107953788047104
-0.910766326077299
-0.9107350655118803
-0.9107171403197155
-0.9107125416204218
-0.9106990679094544
-0.9106678500110941
-0.9106388642413483
-0.9106254158349968
-0.9106119733924615
-0.9106074041232545
-0.9105851063829788
-0.9105539552404163
-0.9105316792202038
-0.9104983388704322
-0.9104805137289634
-0.9104693380562316
-0.9104360336432046
-0.9104204470015493
-0.9104026548672567
-0.9103804468038044
-0.9103582485625827
-0.9103404819809859
-0.9103160919540226
-0.9102917127071826
-0.9102761820592142
-0.9102540313673515
-0.9102186395759716
-0.9101876793994259
-0.9101788079470202
-0.9101633193555508
-0.9101434245366287
-0.9101235384954779
-0.9100816056462281
-0.9100617420066157
-0.9100529100529102
-0.9100308573947535
-0.9100088144557076
-0.909975765587134
-0.9099427312775326
-0.9099207223078618
-0.9099031263760454
-0.9098745322474135
-0.9098569542253526
-0.9098503850385039
-0.9098196216454025
-0.9097998680448647
-0.9097779243623567
-0.909758188612882
-0.9097494505494507
-0.9097319270489999
-0.9097034270650266
-0.909679332308368
-0.9096596398770309
-0.9096421514818879
-0.9096202809482001
-0.9095940311608511
-0.9095743747257572
-0.9095591138407544
-0.9095372807017544
-0.9095044946283708
-0.90947172292854
-0.9094586894586889
-0.9094434706397897
-0.9094282584885001
-0.909406482698204
-0.9093912853076414
-0.9093695271453589
-0.9093477785073323
-0.9093238512035008
-0.9093043097790414
-0.9092607174103239
-0.9092302645965447
-0.9092260603410577
-0.9092131147540986
-0.9091761363636364
-0.9091522831549053
-0.9091393621668851
-0.9091177112906744
-0.9090938864628819
-0.9090766208251476
-0.9090615451767786
-0.9090442941304822
-0.9090226876090752
-0.9089945474372958
-0.9089838639337117
-0.9089710050141703
-0.9089516129032256
-0.9089235127478753
-0.9088867102396518
-0.908871705510782
-0.9088610627177698
-0.9088526017853256
-0.9088223770134956
-0.9087965179542979
-0.9087641427328115
-0.908738307591908
-0.908736407133536
-0.9087084148727983
-0.9086826086956523
-0.908674201260595
-0.9086462407648851
-0.9086269824027806
-0.90861642050391
-0.9085906623235616
-0.9085735996526269
-0.9085565443889732
-0.9085286458333336
-0.9085050987198957
-0.9084902386117136
-0.9084732162220774
-0.9084453599306158
-0.9084218512898332
-0.9084048547897702
-0.9083921993499456
-0.908377383015598
-0.9083474117392244
-0.9083217843222176
-0.9083048278848237
-0.9082813852813851
-0.9082601168578226
-0.9082410212029421
-0.9082089552238807
-0.9081942041522492
-0.9081794594594591
-0.9081517509727627
-0.9081283769180891
-0.9081114952463267
-0.908101101749838
-0.9080842332613394
-0.908063053336212
-0.9080462003454233
-0.9080250377725017
-0.9080060422960723
-0.9079848975188782
-0.9079594477998272
-0.9079383221910718
-0.9079172056921087
-0.9078939426600559
-0.9078793103448275
-0.9078560655031238
-0.9078263679448516
-0.9078096058582813
-0.9077863910422052
-0.9077631862217437
-0.9077399913904438
-0.9077211103938022
-0.9077022375215141
-0.9076876747687674
-0.9076559139784949
-0.9076112663943241
-0.9075988822012039
-0.9075865033311845
-0.9075655350236355
-0.9075445757250269
-0.907515034364261
-0.9074919476057549
-0.9074774581365392
-0.9074500965872505
-0.907427038626609
-0.907416863334048
-0.9073938223938225
-0.9073707913360498
-0.9073563464837047
-0.9073226152197218
-0.9073039005572224
-0.9072873366188132
-0.9072600685518423
-0.9072413793103449
-0.9072205567451825
-0.9071847570113469
-0.9071596746575339
-0.9071410228974963
-0.9071202396234493
-0.907101604278075
-0.9070786997433702
-0.9070493906350227
-0.9070200940572897
-0.9070036332549687
-0.9069871794871793
-0.9069728690450768
-0.9069478855190085
-0.906916506512919
-0.9068958155422715
-0.9068836712913552
-0.9068480580452415
-0.9068081928739063
-0.9067811433447095
-0.9067583706547238
-0.9067462686567164
-0.9067320400767426
-0.9067135549872125
-0.9066822927764754
-0.9066574350234334
-0.906632587859425
-0.9066077512776836
-0.9065829252714501
-0.9065581098339719
-0.9065375611832305
-0.9065148936170218
-0.9064879812805787
-0.90645895363675
-0.9064384435466725
-0.9064306972789118
-0.9064102019128584
-0.9063854653633661
-0.9063522413426814
-0.9063147833474936
-0.9062985771926096
-0.9062802547770697
-0.9062661855232429
-0.9062542444821733
-0.9062189688096758
-0.9061943148069581
-0.9061845174973489
-0.9061662425784569
-0.906126775492898
-0.9061106401017385
-0.9060902733630007
-0.906074152542373
-0.9060665113323446
-0.9060440491317238
-0.9060173618462842
-0.9059991532599493
-0.9059788359788356
-0.9059542953872196
-0.9059318806854239
-0.905909475465313
-0.9058765066610276
-0.905858350951374
-0.9058380891989011
-0.905811496196112
-0.9057870272554404
-0.9057625686523023
-0.9057381203801476
-0.9057136824324324
-0.9056808106396452
-0.9056669480793582
-0.9056530913694875
-0.9056265822784809
-0.9055979751107363
-0.9055799240826655
-0.9055618806662451
-0.9055333052276565
-0.9055152792413063
-0.9054825115887064
-0.9054560775226461
-0.9054338668913228
-0.9054095599073491
-0.9053957894736839
-0.9053715007366872
-0.9053430134680134
-0.9053313696612665
-0.9053155237694572
-0.9052975814931652
-0.9052649285113545
-0.9052554130754682
-0.9052311895754517
-0.9052132801008613
-0.9051890756302522
-0.9051606805293004
-0.9051364972700547
-0.9051186227167753
-0.9050923593618809
-0.9050640083945437
-0.9050461603021401
-0.9050241241871205
-0.9049999999999997
-0.904988467183896
-0.9049643605870026
-0.904942360092224
-0.9049245599329425
-0.9049046721139746
-0.90489107666527
-0.90487329842932
-0.9048492462311556
-0.9048335775591377
-0.9048262871494349
-0.9048022598870052
-0.9047635983263603
-0.9047437774524159
-0.9047281472187372
-0.904716704996864
-0.9047031772575252
-0.9046750261233016
-0.9046447973255328
-0.9046271151034052
-0.9046115288220549
-0.9045875965754857
-0.9045657620041755
-0.904539762053851
-0.9045075125208679
-0.9044961402044646
-0.9044826866916982
-0.9044546402502605
-0.9044412010008339
-0.9044215134459036
-0.9043997498957899
-0.9043821629506148
-0.9043604166666664
-0.9043345136429913
-0.904323198667222
-0.9042993962107013
-0.9042797668609491
-0.9042643080124867
-0.9042384519350811
-0.9042126066153525
-0.9041888519134774
-0.9041609482220835
-0.9041434511434511
-0.9041321970484304
-0.9041064006650043
-0.904082692707251
-0.9040631491483181
-0.904051921079958
-0.9040282392026584
-0.9040170230433878
-0.9039850560398505
-0.9039427267067858
-0.9039273858921164
-0.903909977183157
-0.9038905018664454
-0.9038772548206504
-0.9038515754560532
-0.9038279792746112
-0.9038043928719438
-0.9037808162419723
-0.9037696768848384
-0.9037481880306477
-0.9037246376811594
-0.9036907472572965
-0.9036692880794699
-0.9036540451065589
-0.9036284650393053
-0.9036111685625644
-0.9035752688172042
-0.9035538556956791
-0.9035386523356762
-0.9035151890886546
-0.9034876033057851
-0.9034765544309028
-0.90344692275919
-0.9034173033243859
-0.9033959537572255
-0.9033725490196075
-0.9033408997111019
-0.9033154528574374
-0.9032858910891086
-0.9032625283563622
-0.9032494845360826
-0.9032199546485259
-0.9031986809563068
-0.9031815371934887
-0.9031520395550061
-0.9031225540679714
-0.9030951400329491
-0.9030718550545604
-0.903052696582956
-0.9030397201070182
-0.9030041152263375
-0.9029746965644929
-0.9029494035376391
-0.902924120913017
-0.9029070723684213
-0.9028838643371019
-0.902852445540485
-0.9028169303472366
-0.9028019720624485
-0.9027870199219555
-0.9027700205338814
-0.9027612399917879
-0.9027380952380955
-0.9027108557356869
-0.9026795240049242
-0.9026523076923075
-0.9026394585726001
-0.9026266147221651
-0.9026035260352604
-0.9025763476122154
-0.9025491803278689
-0.9025220241753736
-0.902496927488734
-0.9024902723735403
-0.9024590499590499
-0.9024298874104398
-0.902406876790831
-0.9023736443625946
-0.9023404255319148
-0.9023235835549194
-0.9022985685071575
-0.9022735636884073
-0.9022567457072773
-0.902235847128551
-0.9022088271352676
-0.9021981613891725
-0.9021834150326796
-0.902152338166224
-0.9021335238873008
-0.9021167585221476
-0.9020918367346934
-0.9020852887165883
-0.902060383516932
-0.9020334489088316
-0.9020126427406197
-0.9019959225280328
-0.9019751324908275
-0.9019604646423474
-0.9019356153219233
-0.9019107761254839
-0.9018940936863548
-0.901879454286296
-0.9018648208469056
-0.9018400162833301
-0.9017969067969068
-0.9017822990844353
-0.9017737998372662
-0.9017592027659143
-0.9017385115900773
-0.9017198617605199
-0.9016930894308947
-0.9016581995529366
-0.9016477041852907
-0.9016372130814543
-0.9016064175467099
-0.9015898477157358
-0.9015692245229395
-0.9015506393342803
-0.9015422077922076
-0.9015195780077098
-0.9014929006085194
-0.9014763739606569
-0.9014578264395783
-0.9014372592742752
-0.9014146736927446
-0.9013860182370818
-0.9013634521880065
-0.9013449463236782
-0.9013264479546375
-0.9013241546871832
-0.9013218623481781
-0.9012892127099781
-0.9012666936462971
-0.9012583451345338
-0.9012479773462784
-0.9012315470171892
-0.9012292761827738
-0.9012088134222757
-0.9011701697655616
-0.901157809658517
-0.9011393939393935
-0.901127045041406
-0.9011187399030698
-0.9010963052695335
-0.901079935405733
-0.9010655903128151
-0.9010411622276022
-0.9010288480936047
-0.9010165389269866
-0.9009941520467832
-0.9009737903225811
-0.9009473896391859
-0.9009250302297458
-0.9009087245617574
-0.9008863819500403
-0.90086807653575
-0.900841723721305
-0.9008234346688135
-0.9008031400966179
-0.9007868786476156
-0.9007746478873245
-0.9007563870448604
-0.9007361222847946
-0.9007218982505532
-0.9006895858464012
-0.9006613065326635
-0.9006471061093246
-0.9006349206349205
-0.9006207312173562
-0.9006065474994976
-0.9005742971887548
-0.9005541056012853
-0.9005439582496987
-0.900529801324503
-0.900507624398074
-0.9004814443329993
-0.9004492579221818
-0.9004210948466015
-0.9004029671210907
-0.9003888554820609
-0.9003707414829661
-0.9003486275295526
-0.9003185096153841
-0.9002944121770478
-0.9002803364036844
-0.9002642642642641
-0.900244195356285
-0.9002321392835695
-0.9002060824329735
-0.9001800360072016
-0.9001699999999997
