-1.0
-1.0
-1.0
-1.0
-1.0
-1.0
-1.0
-1.0
-1.0
-1.0
-1.0
-1.0
-1.0
-1.0
-1.0
-1.0
-1.0
-1.0
-1.0
-1.0
-1.0
-1.0
-1.0
-1.0
-1.0
-1.0
-1.0
-1.0
-1.0
-1.0
-1.0
-1.0
-1.0
-1.0
-1.0
-1.0
-1.0
-1.0
-1.0
-1.0
-1.0
-1.0
-1.0
-1.0
-1.0
-1.0
-1.0
-1.0
-1.0
-1.0
-1.0
-1.0
-1.0
-1.0
-1.0
-1.0
-1.0
-1.0
-1.0
-1.0
-1.0
-1.0
-1.0
-1.0
-1.0
-1.0
-1.0
-1.0
-1.0
-1.0
-1.0
-1.0
-1.0
-1.0
-1.0
-1.0
-1.0
-1.0
-1.0
-1.0
-1.0
-1.0
-1.0
-1.0
-1.0
-1.0
-1.0
-1.0
-1.0
-1.0
-1.0
-1.0
-1.0
-1.0
-1.0
-1.0
-1.0
-1.0
-1.0
-1.0
-1.0
-1.0
-1.0
-1.0
-1.0
-1.0
-1.0
-1.0
-1.0
-1.0
-1.0
-1.0
-1.0
-1.0
-1.0
-1.0
-1.0
-1.0
-1.0
-1.0
-1.0
-1.0
-1.0
-1.0
-1.0
-1.0
-1.0
-1.0
-1.0
-1.0
-1.0
-1.0
-1.0
-1.0
-1.0
-1.0
-1.0
-1.0
-1.0
-1.0
-1.0
-1.0
-1.0
-1.0
-1.0
-1.0
-1.0
-1.0
-1.0
-1.0
-1.0
-1.0
-1.0
-1.0
-1.0
-1.0
-1.0
-1.0
-1.0
-1.0
-1.0
-1.0
-1.0
-1.0
-1.0
-1.0
-1.0
-1.0
-1.0
-1.0
-1.0
-1.0
-1.0
-1.0
-1.0
-1.0
-1.0
-1.0
-1.0
-1.0
-1.0
-1.0
-1.0
-1.0
-1.0
-1.0
-1.0
-1.0
-1.0
-1.0
-1.0
-1.0
-1.0
-1.0
-1.0
-1.0
-1.0
-1.0
-1.0
-1.0
-1.0
-1.0
-1.0
-1.0
-1.0
-1.0
-1.0
-1.0
-1.0
-1.0
-1.0
-1.0
-1.0
-1.0
-1.0
-1.0
-1.0
-1.0
-1.0
-1.0
-1.0
-1.0
-1.0
-1.0
-1.0
-1.0
-1.0
-1.0
-1.0
-1.0
-1.0
-1.0
-1.0
-1.0
-1.0
-1.0
-1.0
-1.0
-1.0
-1.0
-1.0
-1.0
-1.0
-1.0
-1.0
-1.0
-1.0
-1.0
-1.0
-1.0
-1.0
-1.0
-1.0
-1.0
-1.0
-1.0
-1.0
-1.0
-1.0
-1.0
-1.0
-1.0
-1.0
-1.0
-1.0
-1.0
-1.0
-1.0
-1.0
-1.0
-1.0
-1.0
-1.0
-1.0
-1.0
-1.0
-1.0
-1.0
-1.0
-1.0
-1.0
-1.0
-1.0
-1.0
-1.0
-1.0
-1.0
-1.0
-1.0
-1.0
-1.0
-1.0
-1.0
-1.0
-1.0
-1.0
-1.0
-1.0
-1.0
-1.0
-1.0
-1.0
-1.0
-1.0
-1.0
-1.0
-1.0
-1.0
-1.0
-1.0
-1.0
-1.0
-1.0
-1.0
-1.0
-1.0
-1.0
-1.0
-1.0
-1.0
-1.0
-1.0
-1.0
-1.0
-1.0
-1.0
-1.0
-1.0
-1.0
-1.0
-1.0
-1.0
-1.0
-1.0
-1.0
-1.0
-1.0
-1.0
-1.0
-1.0
-1.0
-1.0
-1.0
-1.0
-1.0
-1.0
-1.0
-1.0
-1.0
-1.0
-1.0
-1.0
-1.0
-1.0
-1.0
-1.0
-1.0
-1.0
-1.0
-1.0
-1.0
-1.0
-1.0
-1.0
-1.0
-1.0
-1.0
-1.0
-1.0
-1.0
-1.0
-1.0
-1.0
-1.0
-1.0
-1.0
-1.0
-1.0
-1.0
-1.0
-1.0
-1.0
-1.0
-1.0
-1.0
-1.0
-1.0
-1.0
-1.0
-1.0
-1.0
-1.0
-1.0
-1.0
-1.0
-1.0
-1.0
-1.0
-1.0
-1.0
-1.0
-1.0
-1.0
-1.0
-1.0
-1.0
-1.0
-1.0
-1.0
-1.0
-1.0
-1.0
-1.0
-1.0
-1.0
-1.0
-1.0
-1.0
-1.0
-1.0
-1.0
-1.0
-1.0
-1.0
-1.0
-1.0
-1.0
-1.0
-1.0
-1.0
-1.0
-1.0
-1.0
-1.0
-1.0
-1.0
-1.0
-1.0
-1.0
-1.0
-1.0
-1.0
-1.0
-1.0
-1.0
-1.0
-0.9999776286353468
-0.9999553571428572
-0.9999554565701558
-0.9999555555555556
-0.9999556541019956
-0.9999557522123894
-0.9999558498896246
-0.9999559471365639
-0.999956043956044
-0.9999561403508772
-0.9999562363238512
-0.9999563318777293
-0.9999564270152506
-0.9999565217391304
-0.9999566160520607
-0.9999567099567099
-0.9999568034557236
-0.9999568965517242
-0.9999569892473119
-0.9999356223175966
-0.9999143468950749
-0.9998931623931624
-0.9998720682302772
-0.9998723404255319
-0.9998726114649682
-0.9998728813559322
-0.9998731501057082
-0.9998734177215189
-0.9998736842105262
-0.9998739495798319
-0.999874213836478
-0.9998744769874477
-0.9998747390396658
-0.999875
-0.9998752598752598
-0.9998755186721993
-0.9998757763975155
-0.9998760330578511
-0.9998762886597938
-0.9998765432098764
-0.999876796714579
-0.9998770491803279
-0.9998773006134969
-0.9998775510204081
-0.999877800407332
-0.9998780487804878
-0.9998782961460446
-0.9998785425101215
-0.9998787878787878
-0.9998790322580645
-0.9998792756539235
-0.9998795180722891
-0.9998797595190381
-0.99988
-0.9998802395209581
-0.9998804780876495
-0.9998807157057655
-0.9998809523809524
-0.9998811881188118
-0.9998814229249012
-0.9998816568047337
-0.9998818897637796
-0.9998821218074656
-0.9998823529411764
-0.9998825831702544
-0.9998828125
-0.9998830409356725
-0.9998832684824903
-0.9998834951456311
-0.9998643410852713
-0.9998452611218568
-0.9998455598455598
-0.9998458574181117
-0.9998461538461538
-0.9998464491362765
-0.9998467432950191
-0.9998470363288718
-0.9998473282442748
-0.9998476190476191
-0.9998479087452472
-0.9998481973434535
-0.9998484848484849
-0.9998487712665406
-0.9998490566037737
-0.9998493408662901
-0.9998496240601503
-0.9998499061913697
-0.9998501872659176
-0.9998504672897197
-0.9998507462686567
-0.9998510242085661
-0.9998513011152417
-0.9998515769944342
-0.9998518518518519
-0.9998521256931607
-0.9998523985239852
-0.9998526703499079
-0.9998529411764706
-0.9998532110091743
-0.9998534798534798
-0.9998537477148081
-0.9998540145985402
-0.9998542805100182
-0.9998363636363636
-0.9998185117967333
-0.9998188405797102
-0.9998191681735986
-0.9998194945848375
-0.9998198198198199
-0.999820143884892
-0.9998204667863555
-0.999820788530466
-0.9998211091234347
-0.9998214285714286
-0.9998217468805705
-0.9998220640569394
-0.999822380106572
-0.999822695035461
-0.9998230088495574
-0.9998233215547703
-0.9998236331569664
-0.9998239436619718
-0.9998242530755712
-0.9998245614035087
-0.9998248686514887
-0.9998251748251747
-0.999825479930192
-0.9998257839721254
-0.9998260869565218
-0.9998263888888889
-0.9998266897746967
-0.9998269896193771
-0.9998272884283247
-0.9998275862068965
-0.9998278829604133
-0.9998281786941581
-0.999828473413379
-0.9998287671232876
-0.9998290598290598
-0.9998293515358361
-0.9998296422487223
-0.9998299319727891
-0.999830220713073
-0.9998305084745763
-0.9998307952622674
-0.999831081081081
-0.999831365935919
-0.9998316498316498
-0.9998319327731093
-0.9998322147651006
-0.9998324958123953
-0.9998327759197323
-0.9998330550918197
-0.9998333333333334
-0.9998336106489185
-0.9998338870431894
-0.9998341625207297
-0.9998344370860928
-0.9998347107438016
-0.9998349834983498
-0.999835255354201
-0.9998355263157894
-0.9998357963875205
-0.9998360655737705
-0.9998363338788872
-0.9998366013071895
-0.999836867862969
-0.9998371335504885
-0.9998373983739838
-0.9998214285714286
-0.9998055105348459
-0.9998058252427184
-0.9998061389337641
-0.9998064516129033
-0.9998067632850243
-0.999807073954984
-0.9998073836276083
-0.9998076923076923
-0.999808
-0.9998083067092652
-0.9998086124401914
-0.9998089171974521
-0.9998092209856915
-0.9998095238095239
-0.999809825673534
-0.9998101265822785
-0.9998104265402844
-0.9998107255520503
-0.9998110236220472
-0.9998113207547169
-0.9998116169544741
-0.9998119122257054
-0.9998122065727699
-0.9998125
-0.9998127925117004
-0.9998130841121495
-0.9998133748055987
-0.9998136645962732
-0.999813953488372
-0.999814241486068
-0.9998145285935084
-0.9998148148148147
-0.9998151001540831
-0.9998153846153847
-0.999815668202765
-0.9998159509202453
-0.9998162327718224
-0.999816513761468
-0.9998167938931297
-0.9998170731707318
-0.9998173515981736
-0.9998176291793314
-0.9998179059180576
-0.9998181818181818
-0.9998184568835097
-0.9998187311178248
-0.9998190045248869
-0.9998192771084337
-0.9998045112781955
-0.9997897897897898
-0.9997901049475262
-0.9997904191616768
-0.9997907324364722
-0.9997910447761196
-0.9997913561847989
-0.9997916666666667
-0.999777117384844
-0.9997626112759644
-0.9997481481481482
-0.999733727810651
-0.9997341211225996
-0.9997345132743364
-0.9997349042709868
-0.9997352941176472
-0.9997356828193833
-0.9997360703812318
-0.9997364568081991
-0.9997222222222222
-0.9997080291970804
-0.9996938775510203
-0.9996797671033478
-0.9996656976744187
-0.9996661828737301
-0.9996666666666667
-0.9996671490593343
-0.9996676300578033
-0.9996681096681097
-0.9996685878962537
-0.9996546762589928
-0.9996408045977012
-0.9996413199426112
-0.9996418338108881
-0.9996423462088697
-0.999642857142857
-0.9996433666191156
-0.9996438746438746
-0.9996443812233285
-0.9996448863636366
-0.999645390070922
-0.9996458923512748
-0.9996181046676095
-0.999590395480226
-0.9995768688293372
-0.9995774647887324
-0.9995780590717299
-0.9995786516853932
-0.9995792426367462
-0.9995658263305321
-0.9995524475524475
-0.9995251396648045
-0.9994979079497908
-0.9994707520891365
-0.9994575799721835
-0.9994583333333334
-0.9994590846047157
-0.9994598337950138
-0.9994605809128632
-0.9994613259668508
-0.9994620689655173
-0.9994490358126721
-0.9994497936726272
-0.9994505494505495
-0.9994375857338821
-0.9994246575342467
-0.9994254445964432
-0.9994262295081967
-0.9993997271487041
-0.9993732970027248
-0.999360544217687
-0.9993614130434783
-0.9993622795115334
-0.9993631436314364
-0.9993504736129905
-0.9993378378378379
-0.9993387314439947
-0.9993396226415094
-0.9993405114401075
-0.9993413978494625
-0.9993422818791946
-0.999343163538874
-0.9993440428380187
-0.9993449197860964
-0.9993457943925235
-0.9993466666666667
-0.9993342210386151
-0.9993218085106383
-0.9993094289508633
-0.9992970822281165
-0.9992847682119206
-0.9992724867724868
-0.9992734478203434
-0.9992744063324538
-0.9992753623188405
-0.9992631578947369
-0.9992509855453352
-0.9992388451443571
-0.9992136304062912
-0.9991884816753926
-0.9991633986928103
-0.9991383812010443
-0.9991264667535853
-0.9991145833333335
-0.9991157347204161
-0.999116883116883
-0.9991180285343709
-0.999119170984456
-0.9991203104786548
-0.999121447028424
-0.9990967741935484
-0.9990850515463916
-0.9990733590733594
-0.9990745501285347
-0.9990757381258024
-0.9990641025641027
-0.9990653008962869
-0.999066496163683
-0.9990676883780333
-0.9990688775510206
-0.9990700636942675
-0.9990585241730281
-0.9990343074968233
-0.9990101522842639
-0.9989860583016479
-0.9989620253164556
-0.9989506953223766
-0.9989393939393939
-0.9989407313997479
-0.9989420654911839
-0.9989433962264151
-0.9989447236180904
-0.9989209535759099
-0.9989097744360903
-0.9989111389236546
-0.9989125
-0.9989013732833957
-0.9989027431421448
-0.9989041095890411
-0.9989054726368158
-0.9989068322981365
-0.998908188585608
-0.998884758364312
-0.9988613861386137
-0.9988504326328802
-0.9988395061728396
-0.9988409371146733
-0.9988423645320199
-0.9988437884378842
-0.998845208845209
-0.9988466257668711
-0.9988357843137255
-0.998812729498164
-0.9987897310513449
-0.9987789987789988
-0.9987804878048782
-0.9987697929354447
-0.9987591240875912
-0.9987606318347508
-0.99876213592233
-0.9987636363636365
-0.9987530266343826
-0.9987303506650542
-0.998707729468599
-0.9986972255729796
-0.9986987951807231
-0.9987003610108303
-0.998689903846154
-0.9986674669867948
-0.9986211031175058
-0.9985868263473054
-0.9985526315789472
-0.9985304659498208
-0.9984964200477328
-0.9984624553039335
-0.9984285714285716
-0.9984066587395959
-0.9983847980997623
-0.9983748517200474
-0.9983530805687204
-0.9983313609467455
-0.9983096926713951
-0.9982880755608027
-0.9982783018867927
-0.9982803297997644
-0.9982823529411765
-0.9982843713278498
-0.9982863849765259
-0.9982883939038689
-0.9982903981264638
-0.9982923976608187
-0.9982943925233644
-0.9982963827304553
-0.9982867132867131
-0.9982770663562284
-0.9982674418604651
-0.9982462253193961
-0.9982250580046406
-0.9982155272305908
-0.9981944444444444
-0.9981734104046243
-0.9981408775981525
-0.9981084198385234
-0.9980875576036865
-0.9980897583429228
-0.9980919540229886
-0.9980941446613089
-0.9980963302752293
-0.998098510882016
-0.9980778032036612
-0.9980457142857141
-0.998013698630137
-0.9979931584948689
-0.9979726651480635
-0.9979522184300342
-0.997943181818182
-0.9979341657207718
-0.9979365079365078
-0.9979275198187998
-0.9979072398190045
-0.9978983050847458
-0.9978893905191875
-0.997880496054115
-0.9978603603603606
-0.9978402699662542
-0.9978202247191013
-0.9978226711560044
-0.9978251121076233
-0.997827547592385
-0.9978187919463086
-0.9978100558659218
-0.9978125
-0.9978149386845039
-0.9978173719376392
-0.9978197997775302
-0.9978111111111112
-0.9977913429522752
-0.9977937915742795
-0.9977962347729789
-0.9977986725663718
-0.9978011049723757
-0.9977924944812364
-0.9977839029768465
-0.9977863436123345
-0.9977887788778881
-0.9977802197802198
-0.9977607025246984
-0.9977412280701755
-0.9977327491785324
-0.9977242888402625
-0.9977267759562842
-0.9977183406113538
-0.9977099236641223
-0.9977124183006536
-0.9977149075081609
-0.9977173913043477
-0.9976981541802387
-0.9976789587852495
-0.9976598049837486
-0.9976298701298699
-0.9976108108108106
-0.9975917926565875
-0.9975836030204962
-0.9975862068965518
-0.997588805166846
-0.9975913978494623
-0.9975832438238453
-0.9975751072961373
-0.9975669882100752
-0.997558886509636
-0.9975401069518717
-0.9975213675213677
-0.9975026680896478
-0.9974946695095948
-0.9974866879659213
-0.9974574468085106
-0.9974282678002127
-0.997420382165605
-0.9974125132555671
-0.9974046610169492
-0.9974074074074075
-0.9974101479915433
-0.9974023231256601
-0.9973945147679326
-0.9973761854583771
-0.9973789473684208
-0.9973817034700316
-0.9973844537815125
-0.997376705141658
-0.9973689727463311
-0.9973717277486912
-0.9973744769874477
-0.9973667711598746
-0.9973590814196239
-0.9973514077163711
-0.9973541666666668
-0.9973569198751298
-0.9973492723492725
-0.9973416407061265
-0.997323651452282
-0.9973056994818651
-0.9972774327122154
-0.9972595656670116
-0.9972520661157026
-0.9972549019607843
-0.9972577319587629
-0.9972605561277033
-0.9972633744855964
-0.9972661870503596
-0.997258726899384
-0.997251282051282
-0.9972438524590163
-0.9972364380757419
-0.9972392638036809
-0.997231869254341
-0.9972244897959185
-0.9972171253822631
-0.9971995926680245
-0.9971820956256359
-0.9971747967479675
-0.9971675126903553
-0.9971602434077078
-0.9971428571428572
-0.9971255060728745
-0.9971183013144593
-0.9971111111111113
-0.9971039354187691
-0.9971068548387098
-0.9971097683786505
-0.9971026156941649
-0.9970854271356785
-0.9970582329317268
-0.9970411233701105
-0.9970140280561123
-0.9969969969969971
-0.9969999999999998
-0.997002997002997
-0.997005988023952
-0.9969790628115653
-0.9969621513944223
-0.996955223880597
-0.996948310139165
-0.9969414101290964
-0.9969345238095237
-0.9969078295341924
-0.9968811881188117
-0.9968545994065282
-0.9968478260869564
-0.9968213228035537
-0.9967948717948718
-0.9967783251231528
-0.996761811023622
-0.9967354965585054
-0.9967190569744598
-0.9967124631992147
-0.9966862745098041
-0.9966797257590599
-0.9966536203522506
-0.9966275659824048
-0.9966015625
-0.9965951219512195
-0.9965886939571149
-0.996572541382668
-0.9965758754863812
-0.9965792031098154
-0.9965825242718447
-0.9965858389912706
-0.9965600775193799
-0.9965246853823813
-0.9965087040618954
-0.9965024154589374
-0.9965057915057913
-0.9964995178399231
-0.9964836223506746
-0.9964773820981714
-0.9964615384615384
-0.9964457252641687
-0.9964395393474088
-0.9964141898370089
-0.9964080459770115
-0.9963923444976075
-0.9963862332695986
-0.9963896848137533
-0.9963931297709927
-0.9963775023832223
-0.9963714285714284
-0.9963653663177926
-0.9963498098859317
-0.9963152896486229
-0.9962998102466796
-0.9962843601895734
-0.9962784090909094
-0.9962724692526018
-0.9962476370510396
-0.9962134088762984
-0.9961603773584904
-0.9961357210179079
-0.9961393596986815
-0.9961429915333959
-0.9961278195488721
-0.9961314553990607
-0.9961350844277672
-0.9961199625117151
-0.9961048689138579
-0.9960710944808235
-0.9960467289719626
-0.9960504201680671
-0.996044776119403
-0.9960391425908668
-0.9960242085661082
-0.9960000000000001
-0.9959851301115239
-0.995970287836583
-0.995964749536178
-0.99595922150139
-0.9959444444444443
-0.9959204440333026
-0.995887245841035
-0.9958725761772854
-0.995867158671587
-0.9958617511520739
-0.9958379373848986
-0.9958325666973324
-0.9958363970588238
-0.9958310376492194
-0.9958165137614678
-0.995802016498625
-0.9957875457875457
-0.9957822506861845
-0.9957678244972576
-0.9957625570776254
-0.9957390510948905
-0.9957155879671831
-0.9957194899817852
-0.9957142857142857
-0.9956909090909091
-0.9956766575840146
-0.9956624319419235
-0.9956572982774253
-0.9956340579710143
-0.9956199095022622
-0.995605786618445
-0.9955736224028905
-0.9955595667870039
-0.9955635707844905
-0.9955585585585587
-0.9955535553555355
-0.9955305755395685
-0.9955256064690026
-0.995520646319569
-0.9955156950672646
-0.9955017921146954
-0.9954879140555059
-0.9954740608228981
-0.9954602323503126
-0.9954553571428569
-0.9954594112399643
-0.995463458110517
-0.9954585930543189
-0.9954448398576513
-0.9954311111111113
-0.9954174067495556
-0.9954214729370008
-0.9954255319148936
-0.9954118689105402
-0.9953982300884954
-0.9953757736516358
-0.9953445229681981
-0.9953133274492495
-0.995299823633157
-0.995295154185022
-0.9952728873239434
-0.9952506596306065
-0.9952460456942004
-0.995241439859526
-0.9952368421052629
-0.9952147239263803
-0.995183887915937
-0.9951706036745408
-0.9951486013986013
-0.9951441048034932
-0.9951396160558464
-0.9951264167393199
-0.9951045296167248
-0.9950826805918191
-0.9950695652173914
-0.9950304083405732
-0.9950173611111107
-0.995004336513443
-0.9949913344887347
-0.9949870129870131
-0.9949740484429066
-0.9949611063094206
-0.994965457685665
-0.9949525452976706
-0.9949310344827584
-0.9949354005167957
-0.9949311531841651
-0.9949183147033532
-0.994914089347079
-0.9949012875536479
-0.9948885077186965
-0.9948757497857754
-0.9948715753424654
-0.9948502994011978
-0.9948376068376067
-0.9948334756618276
-0.9948208191126278
-0.9948167092924125
-0.9948126064735945
-0.9947999999999998
-0.9947874149659864
-0.9947833474936277
-0.9947877758913414
-0.9947921967769294
-0.9947796610169494
-0.9947586790855208
-0.9947461928934009
-0.994733727810651
-0.9947128378378379
-0.9946919831223633
-0.9946627318718378
-0.9946419545071608
-0.9946212121212124
-0.9946257359125316
-0.9946302521008401
-0.9946263643996645
-0.9946224832214766
-0.9945850796311818
-0.994564489112228
-0.9945606694560668
-0.9945568561872911
-0.9945446950710108
-0.9945492487479132
-0.9945454545454546
-0.9945166666666667
-0.9944879267277268
-0.994467554076539
-0.9944222776392354
-0.9943936877076414
-0.9943817427385891
-0.9943615257048093
-0.9943413421706712
-0.99432119205298
-0.9943010752688168
-0.9942892561983468
-0.9942857142857144
-0.9942739273927396
-0.9942621599340481
-0.9942504118616146
-0.9942304526748973
-0.9941940789473683
-0.9941659819227608
-0.9941625615763549
-0.9941591468416735
-0.9941557377049179
-0.9941605241605244
-0.9941407528641573
-0.9940964840556009
-0.9940686274509803
-0.9940571428571432
-0.9940619902120719
-0.9940586797066014
-0.9940472312703581
-0.9940358014646056
-0.9940243902439023
-0.9940211210398051
-0.9940016233766233
-0.9939821573398219
-0.993970826580227
-0.9939514170040487
-0.9939401294498381
-0.9939288601455135
-0.9939095315024233
-0.9938902340597255
-0.9938548387096775
-0.9938195004029008
-0.9937681159420287
-0.993724859211585
-0.9936816720257236
-0.9936546184738956
-0.9936356340288927
-0.9936006415396953
-0.993589743589744
-0.9935628502802242
-0.9935359999999999
-0.9935251798561151
-0.9935143769968053
-0.9934956105347169
-0.9934768740031896
-0.9934661354581674
-0.9934554140127387
-0.993452665075577
-0.9934181240063593
-0.9933995234312946
-0.9933968253968253
-0.9933941316415543
-0.993367670364501
-0.9933254156769595
-0.9932990506329114
-0.9932885375494075
-0.993293838862559
-0.9932991318074191
-0.9932886435331229
-0.9932308904649332
-0.9931732283464568
-0.9931313926042488
-0.9930974842767296
-0.9930636292223096
-0.9930612244897961
-0.9930352941176471
-0.9930094043887147
-0.9929757243539545
-0.9929499217527387
-0.9929085222830336
-0.992890625
-0.992872755659641
-0.9928627145085804
-0.9928371005455964
-0.9928115264797508
-0.9927704280155639
-0.9927371695178848
-0.9927272727272728
-0.9927018633540372
-0.9926764934057408
-0.9926356589147289
-0.9926258714175057
-0.992623839009288
-0.9926063418406811
-0.9925888717156107
-0.9925791505791505
-0.9925848765432096
-0.9925828835774867
-0.9925654853620957
-0.9925404157043879
-0.9925153846153849
-0.9924827056110682
-0.9924731182795701
-0.9924558710667689
-0.9924386503067485
-0.9924291187739464
-0.9924196018376726
-0.9924024483550113
-0.9923776758409779
-0.9923376623376622
-0.9923282442748095
-0.9923264683447749
-0.9923246951219514
-0.9923229246001521
-0.992275494672755
-0.9922129277566539
-0.9921732522796353
-0.9921640091116174
-0.9921699544764796
-0.9921607278241091
-0.9921363636363638
-0.9921120363361091
-0.992087745839637
-0.9920786092214664
-0.9920619335347434
-0.9920603773584906
-0.992051282051282
-0.9920422004521476
-0.9920256024096382
-0.9920165537998497
-0.9919924812030075
-0.991960931630353
-0.9919369369369369
-0.9919204801200301
-0.9919190404797601
-0.9919101123595511
-0.9918937125748504
-0.9918848167539267
-0.9918609865470855
-0.9918521284540699
-0.9918432835820892
-0.9918344519015655
-0.9918107302533532
-0.9917721518987342
-0.9917559523809523
-0.9917472118959109
-0.991745913818722
-0.9917297698589461
-0.9917136498516321
-0.9917123795404005
-0.991696296296296
-0.991665433012583
-0.9916346153846155
-0.9915964523281598
-0.9915583456425408
-0.9915350553505536
-0.9915044247787611
-0.9914885777450257
-0.9914653902798234
-0.9914422369389257
-0.9914264705882355
-0.9914180749448933
-0.991417033773862
-0.9914013206162874
-0.9913929618768331
-0.9913699633699631
-0.9913177159590049
-0.9912655449890273
-0.9912353801169594
-0.9912125639152666
-0.9912043795620439
-0.9911816192560174
-0.9911661807580171
-0.9911507647487254
-0.9911208151382824
-0.9910981818181821
-0.9910683139534882
-0.9910457516339871
-0.9910232220609579
-0.991015228426396
-0.9910000000000003
-0.9909920347574221
-0.9909768451519537
-0.9909472161966741
-0.9909176300578032
-0.9909097472924187
-0.9908946608946608
-0.9908795962509015
-0.9908573487031702
-0.9908279337652985
-0.9908129496402875
-0.9908123652048887
-0.9908117816091955
-0.9907824838478108
-0.9907532281205169
-0.9907096774193547
-0.99067335243553
-0.9906657122405157
-0.9906509298998568
-0.9906290207290925
-0.9906071428571426
-0.9905995717344753
-0.9905706134094154
-0.9905416963649324
-0.9905341880341885
-0.9905338078291815
-0.9905334281650076
-0.9905259417199713
-0.9905255681818181
-0.9905039034776439
-0.9904893617021275
-0.9904677533664065
-0.9904603399433424
-0.9904529370134467
-0.9904455445544552
-0.9904381625441697
-0.9904166666666667
-0.9903740296400849
-0.9903526093088857
-0.990324171952079
-0.9903028169014092
-0.9902885292047856
-0.9902672292545713
-0.990252986647927
-0.9902387640449432
-0.9902315789473686
-0.9901963534361851
-0.9901822004204627
-0.9901610644257702
-0.9901399580125961
-0.990111888111888
-0.9900978336827393
-0.9900907821229054
-0.990076762037683
-0.9900348675034867
-0.9900209059233456
-0.9900139275766012
-0.9900139178844813
-0.9900139082058412
-0.9900138985406532
-0.989993055555556
-0.9899722414989591
-0.9899514563106799
-0.9899376299376302
-0.9899307479224376
-0.9899169550173014
-0.9899031811894884
-0.9899032480995164
-0.9899033149171272
-0.989903381642512
-0.9898896551724136
-0.989875947622329
-0.9898829201101926
-0.9898692360633173
-0.9898349381017881
-0.9897938144329895
-0.9897596153846154
-0.9897460535346602
-0.9897462277091905
-0.9897464016449622
-0.9897260273972606
-0.989691991786448
-0.9896648426812586
-0.9896445659603554
-0.9896243169398907
-0.989617747440273
-0.9896043656207368
-0.9895773687798223
-0.9895640326975479
-0.9895439074200134
-0.9895102040816326
-0.9894561522773624
-0.9894225543478262
-0.9894025797691783
-0.9893826322930805
-0.9893627118644066
-0.9893292682926825
-0.989316181448883
-0.9892895805142081
-0.9892832995267075
-0.9892635135135136
-0.9892437542201213
-0.9892037786774631
-0.9891908293998651
-0.9891778975741239
-0.9891717171717173
-0.9891453566621803
-0.9891190316072627
-0.9890927419354841
-0.9890799194089996
-0.989060402684564
-0.9890274983232726
-0.9890080428954423
-0.9889886135298056
-0.9889759036144576
-0.9889498327759193
-0.9889237967914439
-0.9888911155644629
-0.9888851802403203
-0.9888725817211467
-0.9888533333333333
-0.988834110592938
-0.9888082556591212
-0.9887890884896875
-0.9887499999999999
-0.9887043189368773
-0.9886852589641435
-0.9886595885865959
-0.9886339522546418
-0.9885950960901257
-0.9885761589403975
-0.9885837193911315
-0.9885846560846562
-0.9885459352280237
-0.9885204755614266
-0.9885214521452141
-0.988509234828496
-0.988483849703362
-0.9884650856389985
-0.9884529295589205
-0.9884473684210526
-0.9884418145956605
-0.9884231274638638
-0.9883913328956004
-0.9883661417322834
-0.9883409836065578
-0.9883158584534733
-0.9883038637851996
-0.9882853403141367
-0.988266841072596
-0.9882549019607842
-0.9882364467668188
-0.9882180156657967
-0.9882061317677758
-0.9882007822685785
-0.9881889250814332
-0.9881640625
-0.9881327260897852
-0.9881144343302989
-0.9881091617933723
-0.9880844155844148
-0.9880467229072031
-0.988022049286641
-0.9880233311730396
-0.9880051813471503
-0.9879611650485433
-0.9879236739974131
-0.9879056237879769
-0.9879005167958654
-0.9879083279535184
-0.9878967741935486
-0.987885235332044
-0.9878608247422679
-0.9878428847392147
-0.9877992277992277
-0.9877620578778135
-0.98775706940874
-0.9877520873474637
-0.9877342747111679
-0.9877228992944191
-0.9877051282051279
-0.9876809737347856
-0.987663252240717
-0.9876519513755602
-0.9876214833759593
-0.9875974440894569
-0.9875925925925929
-0.9875749840459475
-0.9875573979591834
-0.987539834289356
-0.9875222929936309
-0.987530235518778
-0.987531806615776
-0.9875143038779405
-0.9874968233799234
-0.9874793650793648
-0.987468274111675
-0.987463538363982
-0.98745247148289
-0.9874287523749207
-0.9874303797468349
-0.9874256799493994
-0.9874146649810362
-0.9873910296904609
-0.9873674242424241
-0.9873564668769711
-0.9873392181588905
-0.9873156899810964
-0.9873110831234261
-0.9872876022655754
-0.9872830188679242
-0.9872784412319296
-0.9872738693467339
-0.9872504708097929
-0.9872145545796737
-0.9871974921630094
-0.9871867167919801
-0.9871696931747027
-0.9871464330413018
-0.9871232020012505
-0.9871062500000004
-0.987095565271705
-0.9870911360799002
-0.9870804741110419
-0.987063591022444
-0.9870404984423673
-0.9869987546699879
-0.9869943995021779
-0.9869838308457711
-0.9869732753262899
-0.9869689440993787
-0.9869584109248914
-0.9869416873449138
-0.986937383756974
-0.9869330855018587
-0.9869226006191948
-0.986912128712871
-0.9869016697588125
-0.9868850432632881
-0.9868684373069795
-0.9868518518518516
-0.9868291178285005
-0.986806411837238
-0.9867960566851511
-0.9867980295566504
-0.9867876923076921
-0.9867773677736775
-0.9867609096496622
-0.986732186732187
-0.9867096378146101
-0.986693251533742
-0.9866768853464132
-0.9866605392156867
-0.9866442131047151
-0.9866401468788246
-0.9866360856269111
-0.9866442542787287
-0.9866401954795354
-0.9866300366300367
-0.9866015863331299
-0.9865731707317076
-0.9865630712979894
-0.9865468940316687
-0.9865429093122335
-0.9865328467153285
-0.9865167173252284
-0.9865066828675576
-0.9864966605950211
-0.9864866504854369
-0.9864827167980593
-0.986466666666667
-0.9864385221078138
-0.9864225181598065
-0.986382335148215
-0.9863663845223697
-0.9863625377643506
-0.9863526570048308
-0.9863307181653589
-0.9863208685162844
-0.9863170584689577
-0.9863253012048193
-0.98632149307646
-0.9863056558363418
-0.986289837642814
-0.9862740384615387
-0.9862702702702704
-0.9862545018007198
-0.9862267546490697
-0.9861990407673862
-0.9861893349310965
-0.9861796407185623
-0.9861759425493717
-0.9861602870813403
-0.9861386730424391
-0.9861111111111112
-0.9860955223880596
-0.9860859188544157
-0.9860644007155633
-0.9860607866507752
-0.9860393091125674
-0.9860059523809521
-0.9859666864961332
-0.985951248513674
-0.9859595959595958
-0.9859619952494064
-0.9859465875370915
-0.9859193357058124
-0.9858921161825726
-0.9858708530805691
-0.9858436944937836
-0.9858047337278104
-0.985783560023655
-0.9857860520094563
-0.9857944477259302
-0.9857851239669421
-0.985781710914454
-0.9857606132075475
-0.9857218621096048
-0.9856890459363958
-0.9856621542083578
-0.9856470588235297
-0.9856261022927691
-0.9855992949471214
-0.9855666470933646
-0.9855692488262909
-0.9855718475073317
-0.9855627198124266
-0.9855418863503219
-0.9855269320843094
-0.9854885898186072
-0.9854619883040932
-0.9854529514903567
-0.9854497663551401
-0.9854290718038528
-0.9854142357059519
-0.9853877551020405
-0.9853846153846151
-0.9853756552125801
-0.985372526193248
-0.9853577661431062
-0.9853546511627908
-0.9853515398024401
-0.9853135888501744
-0.9852814857806156
-0.9852668213457079
-0.985246376811594
-0.9852317497103132
-0.9852171395483497
-0.985202546296296
-0.9851879699248118
-0.9851734104046243
-0.9851530906990184
-0.9851154734411086
-0.985095210617427
-0.985069204152249
-0.9850547550432277
-0.9850345622119809
-0.9849971214738055
-0.9849597238204835
-0.9849453709028176
-0.9849310344827589
-0.9849224583572659
-0.9849138920780711
-0.9848881239242689
-0.9848566513761468
-0.9848366762177652
-0.9848224513172963
-0.9848196908986836
-0.9847997711670479
-0.9847741566609488
-0.9847485714285714
-0.9847287264420337
-0.9847031963470322
-0.9846776953793495
-0.9846579247434439
-0.9846381766381771
-0.9846241457858765
-0.9845930563460443
-0.9845733788395907
-0.9845594087549737
-0.9845454545454548
-0.9845428733674048
-0.9845175936435868
-0.9844980147475895
-0.9844897959183675
-0.9844645892351274
-0.9844563986409964
-0.9844368986983583
-0.9844061085972853
-0.9843923120407012
-0.9843728813559324
-0.984353472614342
-0.9843115124153502
-0.9842695995487873
-0.9842559188275085
-0.9842422535211263
-0.9842286036036038
-0.9841980866629153
-0.9841732283464569
-0.9841708825182685
-0.984162921348315
-0.9841437394722063
-0.9841189674523007
-0.9840998317442515
-0.9841031390134528
-0.9841064425770305
-0.9840929451287793
-0.9840682708449916
-0.9840492170022376
-0.9840301844605923
-0.9840111731843573
-0.983997766610832
-0.9839564732142858
-0.983920803123257
-0.9838963210702342
-0.9838662952646238
-0.9838641425389754
-0.983839732888147
-0.9838320355951055
-0.9838132295719846
-0.9838055555555557
-0.9837812326485289
-0.9837458379578246
-0.9837326677759287
-0.9837195121951224
-0.9837119113573413
-0.9836987818383167
-0.983680132816824
-0.9836670353982301
-0.9836539524599225
-0.9836353591160223
-0.983622308117063
-0.9836037527593817
-0.9835962493105349
-0.9835832414553473
-0.9835537190082646
-0.9835242290748891
-0.983505778756191
-0.9834928492849287
-0.9834634414513467
-0.9834505494505491
-0.9834321801208127
-0.9834083424807907
-0.9834064728469554
-0.9834046052631578
-0.9833972602739722
-0.9833734939759039
-0.9833552271483305
-0.9833533916849015
-0.9833515582285399
-0.9833333333333332
-0.9832987438558163
-0.9832805676855895
-0.9832678668848885
-0.9832660850599779
-0.9832479564032701
-0.983208061002179
-0.9831954273271638
-0.983199129488574
-0.983197389885807
-0.9831793478260867
-0.9831504617055947
-0.9831324647122692
-0.9831144872490504
-0.9831019522776571
-0.9830785907859082
-0.9830498374864569
-0.9830427720628048
-0.9830140692640689
-0.9829853975121686
-0.9829459459459459
-0.9829173419773096
-0.9828887688984881
-0.9828710199676199
-0.982858683926645
-0.9828140161725066
-0.9827909482758622
-0.9827786752827137
-0.982771797631862
-0.9827649273803112
-0.9827365591397854
-0.9827189682966143
-0.9827175080558537
-0.9827214170692434
-0.9827092274678112
-0.9826756032171586
-0.9826420150053591
-0.9826298875200855
-0.9826231263383298
-0.982611021936865
-0.9825935828877007
-0.9825815072153924
-0.9825641025641032
-0.9825360384410038
-0.9824973319103519
-0.9824586666666665
-0.9824413646055434
-0.9824240809802878
-0.9824014909478171
-0.9823789249600849
-0.9823563829787235
-0.9823551302498668
-0.9823432518597238
-0.982315454062666
-0.9822717622080678
-0.9822334217506632
-0.9821898197242844
-0.9821674615792263
-0.9821663135593219
-0.9821651667548966
-0.9821428571428577
-0.9821364357482816
-0.9821300211416486
-0.9821130480718435
-0.9820960929250262
-0.9820633245382585
-0.9820411392405067
-0.9820506062203481
-0.9820495258166494
-0.9820431806213797
-0.982021052631579
-0.9819831667543397
-0.981950578338591
-0.9819285338938518
-0.9819170168067225
-0.9818950131233594
-0.9818835257082894
-0.9818510749868902
-0.981808176100629
-0.9817705605028807
-0.9817434554973822
-0.9817373103087388
-0.9817364016736398
-0.9817302665969685
-0.9817189132706372
-0.9816971279373372
-0.9816858037578291
-0.9816797078768907
-0.9816579770594369
-0.9816258467952055
-0.9815989583333331
-0.9815825091098387
-0.9815764828303847
-0.9815652626105043
-0.9815436590436586
-0.9815376623376622
-0.9815368639667702
-0.9815153087701087
-0.9814885892116182
-0.981461897356143
-0.9814300518134713
-0.9813982392542724
-0.981392339544514
-0.9813916192446969
-0.9813598759048604
-0.9813385012919895
-0.9813326446280992
-0.9813267940113577
-0.9813209494324048
-0.9812893243940173
-0.9812525773195878
-0.981210716125708
-0.9811894953656025
-0.981178589809573
-0.9811676954732511
-0.9811516709511571
-0.9811459403905441
-0.9811196712891629
-0.9810934291581107
-0.9810723447922014
-0.9810564102564102
-0.9810353664787289
-0.9810194672131147
-0.9810138248847932
-0.9809979529170927
-0.9809769820971868
-0.9809560327198368
-0.9809453244762395
-0.9809295199182845
-0.9808984175599792
-0.9808571428571428
-0.9808414074451807
-0.9808358817533133
-0.9808201732042794
-0.9807892057026479
-0.9807684478371499
-0.9807527975584945
-0.9807320793085917
-0.9807113821138215
-0.9806907059421025
-0.980664974619289
-0.980629122272958
-0.9805882352941174
-0.9805778003041058
-0.9805572441742659
-0.9805265822784811
-0.9805010121457488
-0.9804906423874558
-0.9804600606673404
-0.9804396159676599
-0.9804141414141416
-0.9803836446239269
-0.9803632694248237
-0.9803580433686334
-0.9803276209677417
-0.9803123425692699
-0.9802920443101709
-0.9802617010568695
-0.9802313883299799
-0.9802262443438913
-0.98021608040201
-0.9801908588648928
-0.9801606425702808
-0.9801304565980934
-0.9801103309929787
-0.9800952380952381
-0.9800801603206416
-0.9800650976464698
-0.9800600600600599
-0.9800500250125063
-0.9800300000000002
-0.9800099950024987
-0.9799650349650348
-0.9799500748876686
-0.9799301397205588
-0.979920199501247
-0.9799152542372883
-0.9798903836571996
-0.9798804780876494
-0.9798407167745148
-0.9798159203980101
-0.9798060666335152
-0.9797912524850894
-0.979761549925484
-0.9797467725918572
-0.9797270471464021
-0.9797123015873018
-0.9796826970748633
-0.9796679881070369
-0.9796483407627538
-0.9796336633663368
-0.9796091044037607
-0.9795746785361031
-0.9795551161641128
-0.9795405138339922
-0.9795259259259259
-0.9795162882527153
-0.9795165268870253
-0.9794970414201188
-0.9794726466239525
-0.9794482758620687
-0.9794288527818804
-0.979419291338583
-0.9794048204623707
-0.979385447394297
-0.9793562653562653
-0.9793467583497055
-0.9793225331369664
-0.9792885181550538
-0.9792741539970572
-0.9792598039215689
-0.9792454679078882
-0.9792262487757103
-0.9792119432207539
-0.9791829745596864
-0.9791687041564795
-0.9791495601173023
-0.9791304347826092
-0.97912109375
-0.9791020009760864
-0.9790731707317076
-0.9790541199414922
-0.9790350877192986
-0.9790112031173891
-0.9789873417721519
-0.978968369829684
-0.9789737354085603
-0.9789596499756925
-0.9789407191448012
-0.9789315201554151
-0.978907766990291
-0.9788937409024744
-0.978855480116392
-0.9788075618031995
-0.9787936046511628
-0.9787748184019367
-0.9787657308809298
-0.9787373004354137
-0.978718568665377
-0.9786998550024165
-0.978666666666667
-0.978638338966683
-0.978600386100386
-0.9785962373371926
-0.9785679845708775
-0.9785108433734939
-0.9784585741811176
-0.9784448724121328
-0.9784263715110681
-0.978379028379028
-0.9783509615384616
-0.9783085055261895
-0.9782756964457252
-0.9782573211713871
-0.9782437619961613
-0.978225419664269
-0.9781927133269417
-0.9781744130330621
-0.9781465517241381
-0.9781378650071809
-0.978133971291866
-0.9781157340985179
-0.9780879541108987
-0.9780697563306258
-0.9780324737344793
-0.9780190930787588
-0.9780057251908396
-0.9779780639008111
-0.977955195424214
-0.9779466412577423
-0.9779285714285716
-0.9779105188005718
-0.977892483349191
-0.9778792201616738
-0.9778564638783268
-0.9778289786223278
-0.9778110161443492
-0.9777978168011391
-0.9777703984819737
-0.9777382645803698
-0.9777156398104263
-0.9776930364756038
-0.9776657196969701
-0.9776194983435879
-0.9775969725638604
-0.977593380614657
-0.9775756143667295
-0.9775436939064711
-0.9775212464589229
-0.9774988201982069
-0.9774811320754715
-0.9774681753889672
-0.977450518378888
-0.9774281676872346
-0.9774011299435026
-0.9773788235294114
-0.9773612417685791
-0.9773530794546309
-0.9773449248120297
-0.9773273837482386
-0.9772957746478871
-0.977273580478648
-0.9772654784240145
-0.9772480075011718
-0.9772211808809748
-0.9771896955503512
-0.9771816479400748
-0.9771642489471221
-0.9771421889616465
-0.977115474520804
-0.9771028037383183
-0.9770901447921534
-0.9770728291316527
-0.977069528698087
-0.9770615671641791
-0.9770349650349651
-0.9770177073625352
-0.9770004657661847
-0.9769832402234643
-0.9769660307119592
-0.9769395348837212
-0.9769177126917712
-0.976900557620818
-0.9768834184858338
-0.9768430826369543
-0.9767981438515086
-0.9767625231910945
-0.9767362076958741
-0.9767330861909173
-0.9767253358036128
-0.9766990740740737
-0.9766728366496992
-0.9766512488436632
-0.9766389274156267
-0.976626617375231
-0.9766189376443422
-0.9765881809787628
-0.9765528380249195
-0.9765405904059044
-0.9765145228215765
-0.9764884792626728
-0.9764578535237222
-0.9764180478821359
-0.9763966866083752
-0.9763891444342228
-0.9763632183908045
-0.9763327205882354
-0.976297657326596
-0.9762809917355368
-0.9762689307021566
-0.9762660550458713
-0.9762494268684094
-0.9762236480293309
-0.9762070545121394
-0.9761813186813185
-0.9761556064073231
-0.9761390667886548
-0.9761225422953816
-0.9760831809872025
-0.9760438556418459
-0.9760182648401826
-0.9759744408945688
-0.9759397810218977
-0.975918832649339
-0.9758842297174106
-0.9758542141230068
-0.9758333333333337
-0.975817023213473
-0.9757688808007282
-0.9757389722601182
-0.9757090909090914
-0.9756746933212179
-0.97566757493188
-0.9756241488878805
-0.9755989110707805
-0.9755782312925172
-0.9755485040797822
-0.9755233348436793
-0.9754936594202899
-0.9754640108646448
-0.9754524886877826
-0.975440976933514
-0.9754204339963839
-0.9753908721192949
-0.9753432700993675
-0.9753182844243793
-0.975306859205776
-0.9752954442940909
-0.9752705139765553
-0.9752546191978368
-0.9752387387387383
-0.975227375056281
-0.9752025202520249
-0.9751776878092663
-0.9751753597122306
-0.9751595505617975
-0.9751212938005392
-0.9750920520880111
-0.9750718132854576
-0.9750471063257067
-0.9749955156950669
-0.9749663827879878
-0.974941756272401
-0.974921630094044
-0.9748970456580125
-0.9748903803131992
-0.9748658318425758
-0.9748323647742513
-0.9748168007149242
-0.9748012505582854
-0.9747633928571424
-0.97471218206158
-0.9746833184656558
-0.9746812304948733
-0.9746657754010698
-0.9746325167037858
-0.9746126447016921
-0.9746016911437472
-0.9745640569395014
-0.9745264562027569
-0.9744977777777778
-0.974464682363394
-0.9744227353463589
-0.9743941411451397
-0.9743877551020411
-0.9743680709534374
-0.9743484042553193
-0.9743110323438191
-0.9742781222320639
-0.9742452412571929
-0.9742168141592918
-0.974188412206988
-0.974155614500442
-0.9741316836058335
-0.974094522968198
-0.9740794701986758
-0.9740688437775816
-0.974053815615351
-0.9740476190476194
-0.9740149845747024
-0.9739823788546252
-0.9739718185821225
-0.9739524647887322
-0.9739243290805105
-0.973891820580475
-0.973859340659341
-0.9738356766256591
-0.9738296003513395
-0.9738059701492537
-0.9737867485739364
-0.9737675438596491
-0.9737308198158704
-0.9737028921998244
-0.9736706088480073
-0.9736602451838879
-0.9736367614879649
-0.9736045494313214
-0.973554875382597
-0.9735314685314682
-0.9735342944517257
-0.9735327510917028
-0.9735093845482323
-0.9734816753926698
-0.9734539904055822
-0.9734394071490844
-0.9734204793028322
-0.9733928571428571
-0.9733565520243797
-0.9733246301131421
-0.9733057851239667
-0.9732826086956525
-0.9732637983485444
-0.9732406602953948
-0.9732305688232736
-0.9732031249999997
-0.9731757049891541
-0.9731569817866438
-0.9731122670134374
-0.973067590987868
-0.973040277176267
-0.973021645021645
-0.9729987018606663
-0.9729671280276818
-0.9729399048854299
-0.9728910976663785
-0.9728682505399567
-0.9728540587219345
-0.9728182995252478
-0.9727955133735979
-0.9727770590771888
-0.9727499999999997
-0.9727100387763895
-0.9726873385012924
-0.9726603529918212
-0.9726290877796896
-0.9725935483870971
-0.972566638005159
-0.9725483455092394
-0.9725257731958763
-0.9725032202662085
-0.972467811158798
-0.9724281424281422
-0.9724056603773582
-0.972396056579512
-0.9723736075407023
-0.9723725910064238
-0.972333047945205
-0.9722892597347026
-0.9722583404619334
-0.9722488242838818
-0.9722393162393159
-0.9722084579239639
-0.9721776259607176
-0.9721425522833976
-0.9721331058020481
-0.9721066098081026
-0.9720801364023864
-0.9720622070728588
-0.9720485519591137
-0.9720349084716902
-0.9720212765957448
-0.9720076563164605
-0.9719855442176876
-0.9719507012324692
-0.9719328802039083
-0.9718938428874735
-0.9718590831918504
-0.9718370810352142
-0.9718150975402885
-0.971793132683341
-0.9717711864406786
-0.9717450232952137
-0.9717231160033876
-0.9716969953449011
-0.9716793570219968
-0.9716575052854123
-0.9716398985629755
-0.9716096324461347
-0.9715709459459457
-0.971540734487126
-0.9715274261603384
-0.9714930409110083
-0.9714713322091062
-0.9714580699536455
-0.9714448188711038
-0.971431578947369
-0.9714015151515154
-0.971371476651241
-0.9713582842724976
-0.9713240857503151
-0.9712815126050418
-0.9712515749685003
-0.97123005877414
-0.9712211498111623
-0.9712080536912753
-0.9711865828092243
-0.9711483654652142
-0.9711059907834101
-0.9710762144053604
-0.9710632063624949
-0.9710334728033473
-0.9710330405687997
-0.9710158862876257
-0.9709903886335144
-0.9709523809523808
-0.9709352818371605
-0.9709223706176954
-0.9709011264080096
-0.9708924103419518
-0.9708670279283035
-0.9708291666666672
-0.9707996668054978
-0.970774354704413
-0.970753225135248
-0.9707279534109814
-0.9706902286902287
-0.9706442227763925
-0.9706148732862484
-0.9705772425249176
-0.9705437941054385
-0.9704937759336099
-0.9704603898797183
-0.9704145936981758
-0.9703937007874015
-0.9703728251864127
-0.9703312629399587
-0.9703021523178806
-0.9702772031443939
-0.9702481389578164
-0.970223232740802
-0.9701983471074381
-0.9701817430813712
-0.9701692815854668
-0.9701444490301282
-0.9701072607260726
-0.9700701030927834
-0.9700494641384998
-0.9700247218788625
-0.9700082372322902
-0.9699835323178267
-0.969962962962963
-0.9699218428630193
-0.9698889802631581
-0.9698849157418826
-0.9698685291700901
-0.9698275154004105
-0.9697988505747126
-0.969798933114485
-0.9697826086956524
-0.969753997539975
-0.9697254098360655
-0.9697050389184758
-0.9696928746928747
-0.9696684404420794
-0.9696358428805237
-0.9696073619631901
-0.9695789043336057
-0.9695463833265221
-0.9695016339869282
-0.9694732543895467
-0.9694367346938779
-0.9694002447980421
-0.9693719412724308
-0.9693395841826329
-0.9692991035044821
-0.9692586558044806
-0.969250814332247
-0.9692226292226291
-0.9691903986981285
-0.9691663277755193
-0.9691300813008128
-0.9691182446160097
-0.9691104792851342
-0.9690824198132362
-0.9690584415584415
-0.9690060851926978
-0.968978102189781
-0.9689744629104178
-0.9689546191247977
-0.9689307411907653
-0.9689109311740894
-0.9688830433023061
-0.9688632686084143
-0.9688394662353417
-0.9687954729183513
-0.9687676767676769
-0.9687358642972534
-0.968712151796528
-0.9686803874092003
-0.9686607503025416
-0.9686411290322579
-0.9686134623135839
-0.9686019339242544
-0.9685783326621022
-0.9685426731078904
-0.968523138832998
-0.9685036202735318
-0.9684881383192603
-0.9684525723472671
-0.9684130172760149
-0.9683775100401604
-0.9683460457647531
-0.9682985553772069
-0.9682711592458884
-0.9682638331996793
-0.9682404809619239
-0.9682051282051286
-0.9681738085702846
-0.9681305044035233
-0.9681112444977993
-0.9680680000000002
-0.9680247900839661
-0.9679856115107913
-0.9679344786256489
-0.967867412140575
-0.9678363273453088
-0.9678172386272947
-0.967810131631432
-0.9678030303030306
-0.9677560781187724
-0.9677370517928293
-0.9677140581441652
-0.9676831210191082
-0.9676601671309194
-0.96760938743039
-0.9675904572564614
-0.9675675675675677
-0.9675327771156139
-0.9675019857029389
-0.9674593092497019
-0.9674365079365078
-0.9674018246727494
-0.9673711340206185
-0.9673444312326596
-0.9673058637083993
-0.9672633663366338
-0.9672248614410135
-0.9671943015433316
-0.9671558544303802
-0.9671293001186243
-0.9670948616600792
-0.9670564994073493
-0.9670260663507109
-0.9669956573233318
-0.9669692186266772
-0.9669349112426029
-0.966900630914826
-0.9668624359479701
-0.9668557919621743
-0.9668491532099255
-0.9668149606299211
-0.966792601338056
-0.966774193548387
-0.9667361384191898
-0.9667020440251572
-0.9666601178781924
-0.9666575019638648
-0.9666391833529643
-0.9666248037676614
-0.9665868968222828
-0.9665764705882353
-0.9665582124656996
-0.9665321316614421
-0.9664943204073637
-0.9664643696162882
-0.9664540117416834
-0.9664319248826293
-0.9664059444661713
-0.9663838936669272
-0.9663618601016023
-0.966328125
-0.9663022256930889
-0.9662880562060892
-0.966285602809208
-0.9662753510140406
-0.9662534113060431
-0.966223694466095
-0.9661823139851972
-0.9661643302180687
-0.9661580381471389
-0.966132295719844
-0.9660871256320499
-0.9660536547433906
-0.9660396424407308
-0.9660139860139865
-0.965965048543689
-0.9659277950310559
-0.965917733798991
-0.96588828549263
-0.9658549825513764
-0.9658178294573642
-0.9657962030220844
-0.96576297443842
-0.9657452574525749
-0.9657198142414859
-0.9656634429400381
-0.9656225831399844
-0.9656049478160029
-0.9655989180834621
-0.9655735805330242
-0.9655444015444017
-0.9655191045928214
-0.9654976851851856
-0.9654724257616663
-0.9654471858134158
-0.9654296724470132
-0.9653775038520801
-0.9653523296110899
-0.9653310238645111
-0.9653135821469802
-0.9652961538461533
-0.9652595155709346
-0.965226748654881
-0.9651824817518243
-0.9651459293394775
-0.9651285988483687
-0.965095932463546
-0.9650632911392408
-0.9650383435582824
-0.9650095822154081
-0.9649731800766282
-0.9649406357717352
-0.96489663093415
-0.9648679678530426
-0.9648469778117824
-0.9648260038240916
-0.9647859327217124
-0.9647535345815822
-0.9647135217723458
-0.964696449026346
-0.9646870229007628
-0.9646699732926364
-0.9646414950419526
-0.9646016012199772
-0.964565548780488
-0.9645447619047616
-0.964539223153084
-0.964503235629996
-0.9644710806697105
-0.9644275389882084
-0.964399239543726
-0.9643975674648425
-0.9643731003039513
-0.964337257880744
-0.9642938496583146
-0.9642580645161293
-0.9642336874051591
-0.9642131209708001
-0.9641774071266117
-0.9641568776051536
-0.9641439393939396
-0.9641007194244606
-0.9640726722180167
-0.9640484298146048
-0.9640242057488648
-0.9639886578449905
-0.9639644746787603
-0.9639440876463924
-0.9639199395770397
-0.9639033597583995
-0.9638716981132075
-0.963855149000377
-0.9638423831070887
-0.963814549566528
-0.9637754333082136
-0.963762711864407
-0.9637499999999997
-0.9637335340609708
-0.96369826937547
-0.9636705528394129
-0.9636466165413533
-0.9636226982337468
-0.9635837716003006
-0.9635486293653773
-0.9635022522522521
-0.9634709193245778
-0.9634358589647417
-0.9633970753655794
-0.9633658170914543
-0.9633158486324465
-0.9632846441947571
-0.9632646948708348
-0.9632260479041913
-0.963194912083801
-0.9631563201196707
-0.96312523364486
-0.9630792227204786
-0.9630407172207687
-0.9630209111277077
-0.9629675251959682
-0.9629253731343279
-0.9629056322267812
-0.9628821774794935
-0.9628438315318669
-0.9628315946348738
-0.9628119180633141
-0.9627810871183917
-0.9627316710085596
-0.9626897321428568
-0.9626552621792489
-0.962635687732342
-0.962608695652174
-0.9625891530460626
-0.9625436316375787
-0.9624981440237564
-0.9624601113172541
-0.9624183976261129
-0.9624063774564329
-0.9623795404002965
-0.9623267876991474
-0.9622925925925929
-0.9622621251388377
-0.962239082161362
-0.9622234554199035
-0.9621967455621305
-0.9621663585951942
-0.9621470805617152
-0.9621315108976727
-0.9621122599704577
-0.9620967146548545
-0.9620664206642069
-0.9620250829952048
-0.9619948377581116
-0.9619646148175454
-0.9619380987472367
-0.9619005524861877
-0.9618667157584682
-0.961832903938167
-0.9617991169977925
-0.961772710555351
-0.9617610294117651
-0.961734656376332
-0.961704628949302
-0.9616636063165628
-0.9616226138032308
-0.9615963302752293
-0.9615847395451209
-0.9615731573157312
-0.9615615835777127
-0.9615316965921586
-0.9615054945054944
-0.961490296594654
-0.9614604685212305
-0.9614270032930848
-0.9613862472567667
-0.961352833638026
-0.9613267543859653
-0.961311655096821
-0.961285609934258
-0.9612486308871848
-0.9612189781021901
-0.9611966435607442
-0.9611743253099929
-0.9611337951148374
-0.961086005830904
-0.9610491803278687
-0.9610269482884192
-0.9610047324353838
-0.9609643377001457
-0.9609312477264464
-0.9609054545454544
-0.9608687749909124
-0.960828488372093
-0.9608063930257902
-0.9607843137254903
-0.9607477313974594
-0.9606930333817126
-0.9606855277475523
-0.9606925308194338
-0.9606814063066332
-0.9606413043478258
-0.9606084751901486
-0.9605901520637221
-0.9605718422005068
-0.9605390738060784
-0.9604990958408679
-0.960477223427332
-0.9604553668232743
-0.9604299132947979
-0.960379198266522
-0.9603610108303252
-0.9603464453265965
-0.9603354978354983
-0.9602993148214928
-0.9602775775054073
-0.9602558558558555
-0.9602377521613836
-0.9601980554555274
-0.9601547876169909
-0.960125944584383
-0.9601151079136693
-0.9600898957209637
-0.9600503235082676
-0.9600179662234997
-0.9599748563218391
-0.9599389587073603
-0.9599066762383346
-0.9598744169357732
-0.9598385939741755
-0.9598099677303695
-0.9597634408602151
-0.9597384450017917
-0.9597242120343839
-0.9596992481203006
-0.9596528274874734
-0.9596243291592127
-0.9595851216022894
-0.9595602431176267
-0.9595175125089354
-0.959489103251161
-0.9594607142857147
-0.9594252052838271
-0.9593861527480371
-0.9593685337138775
-0.9593580599144086
-0.9593440285204992
-0.9593086243763367
-0.9592874955468474
-0.9592592592592593
-0.959238163047348
-0.95920640569395
-0.9591817858413374
-0.9591607396870555
-0.9591397084962678
-0.9591080312722104
-0.9590905861456482
-0.9590660511363638
-0.9590308839190627
-0.9589886444286729
-0.9589677190493083
-0.9589539007092202
-0.9589294576391354
-0.9588979447200573
-0.9588699964576695
-0.9588456090651561
-0.9588106194690266
-0.9587968860580331
-0.9587796250442164
-0.9587482319660545
-0.9587168610816544
-0.9586996466431096
-0.9586824443659482
-0.9586581920903953
-0.9586374867631485
-0.9586132674664783
-0.9585890652557318
-0.958564880112835
-0.9585407120197396
-0.9585024665257222
-0.9584677703416695
-0.9584507042253522
-0.9584266103484689
-0.9583884588318088
-0.9583679212099893
-0.9583368495077353
-0.9583093145869946
-0.9582782853127199
-0.9582543027748506
-0.9582303370786515
-0.958202878202878
-0.95819298245614
-0.9581795861101368
-0.9581486676016828
-0.9581142656852432
-0.9580868955851433
-0.9580560420315232
-0.9580392156862746
-0.9580119005950297
-0.9579916025192442
-0.9579678209164041
-0.9579440559440561
-0.9579098217406501
-0.9578825995807126
-0.9578519035976248
-0.957828212290503
-0.9577940663176261
-0.9577773900907189
-0.9577432856644578
-0.9577057182705723
-0.9576925758103865
-0.9576689895470386
-0.9576454197143849
-0.9576218662952646
-0.9575983292725373
-0.9575678496868478
-0.9575478260869565
-0.9575173852573022
-0.9574834897462635
-0.9574565670604582
-0.9574296630774579
-0.9573923611111113
-0.9573654980909403
-0.9573421235253291
-0.9573048907388135
-0.9572746185852985
-0.9572512998266898
-0.9572037422037419
-0.9571873917561482
-0.9571468144044317
-0.9570958809276563
-0.9570588235294119
-0.9570183327568312
-0.9569986168741355
-0.9569616315243694
-0.9569281271596402
-0.9568981001727118
-0.9568715469613258
-0.9568381083879878
-0.9568046928916496
-0.956778199379096
-0.956741379310345
-0.9566942433643569
-0.9566471399035146
-0.9566138477437134
-0.9565874655647378
-0.9565611015490538
-0.9565450791465934
-0.9565049879600962
-0.956458046767538
-0.9564352011000343
-0.95641237113402
-0.9563689453795949
-0.9563255494505495
-0.9562856162032273
-0.9562560054907345
-0.9562264150943395
-0.9562037037037037
-0.9561775797051765
-0.9561343385880741
-0.9560808496060293
-0.9560479452054791
-0.9560184868195825
-0.9559890485968517
-0.9559596305165925
-0.9559233926128592
-0.9558837606837605
-0.9558544087491454
-0.9558250768705159
-0.9558025956284155
-0.9557801297371116
-0.9557474402730375
-0.9557113613101332
-0.95568894952251
-0.9556767814524375
-0.9556441717791411
-0.9556013628620103
-0.9555722070844688
-0.955539666326183
-0.9555105513955067
-0.9554848587955087
-0.9554659863945577
-0.9554335260115607
-0.9553908905506461
-0.9553686714237175
-0.9553430706521742
-0.9553073005093382
-0.9552613713509845
-0.9552426196131661
-0.9552272727272725
-0.9551780264496444
-0.9551389830508473
-0.9551135208403927
-0.9550880758807587
-0.9550660345411442
-0.9550406228842252
-0.9549881556683583
-0.954939106901218
-0.9549205275617184
-0.9549154834347527
-0.9549003041568096
-0.954864864864865
-0.9548159405606214
-0.9547839297771777
-0.9547418157273034
-0.9547165991902834
-0.9546981450252953
-0.9546729602157791
-0.9546174587125043
-0.9545687331536387
-0.9545335129673291
-0.9544983164983162
-0.9544732413328846
-0.9544515477792733
-0.9544231416078042
-0.9544014794889043
-0.954393277310924
-0.9543682795698925
-0.9543231441048035
-0.9542646071188716
-0.9542363209130573
-0.9542147651006709
-0.9541898691714187
-0.9541582830315224
-0.9541099564197123
-0.9540750670241287
-0.9540368509212728
-0.95399531145345
-0.9539571476397722
-0.9539190093708165
-0.9538976246236204
-0.9538528428093648
-0.9538114343029089
-0.9537767379679145
-0.9537454059472104
-0.9536940547762194
-0.953656093489149
-0.9536315086782374
-0.9536102769436102
-0.9535723815877253
-0.9535278426142049
-0.9535100000000004
-0.9534821726091306
-0.9534443704197205
-0.9533999333999331
-0.953382157123835
-0.953351081530782
-0.9533266799733867
-0.9532923179248424
-0.9532513297872337
-0.9532269857095379
-0.9532059800664452
-0.9531750249086683
-0.9531341301460823
-0.9530999004314635
-0.9530822826808228
-0.9530381426202321
-0.9530072944297079
-0.9529632084852502
-0.9529357190192179
-0.952898310698907
-0.9528509933774834
-0.9528169480304531
-0.9527829252150893
-0.952755540853457
-0.9527281746031749
-0.9527008264462813
-0.952680105750165
-0.9526428807400066
-0.9525825627476883
-0.9525420931000328
-0.9525115511551155
-0.9524777301220724
-0.9524373350923478
-0.9524035608308608
-0.952366512854318
-0.9523196046128501
-0.9522924901185773
-0.9522686862034905
-0.952221856484529
-0.9521849292530437
-0.9521513157894738
-0.9521275896086816
-0.9521005917159759
-0.9520900427209992
-0.9520466491458608
-0.952006568144499
-0.9519763624425476
-0.9519527404003938
-0.9519192913385828
-0.9518825844539195
-0.9518426229508197
-0.9518092428711898
-0.9517726081258191
-0.951729446446119
-0.9517125081859855
-0.9516824877250406
-0.9516426701570684
-0.9515963362773963
-0.9515631131458473
-0.9515266426936907
-0.9514901960784315
-0.9514407056517483
-0.951414108425866
-0.9513842637936668
-0.9513446475195821
-0.9513083197389886
-0.9512785388127857
-0.9512226931855231
-0.951196219035202
-0.9511599869664393
-0.9511172638436485
-0.9510875936177139
-0.9510546875000001
-0.9510152945004883
-0.9509791802212105
-0.950946341463415
-0.9509102730819243
-0.9508839779005521
-0.9508641975308643
-0.9508249431633647
-0.9507824675324673
-0.9507465108730929
-0.9507138221933805
-0.9506681803438214
-0.9506452658884563
-0.9506223662884925
-0.9505865197666878
-0.9505506964690642
-0.9505278497409325
-0.9504726448688896
-0.9504304207119741
-0.950401164671627
-0.9503719275549802
-0.9503427093436798
-0.9503264382676142
-0.9502714054927297
-0.9502422480620157
-0.9502195673232159
-0.9501743060038734
-0.9501226202000644
-0.9500870967741936
-0.9500709448564973
-0.9500483558994197
-0.9500096680631644
-0.9499774484536083
-0.9499516908212557
-0.9499227301996139
-0.9498809140650143
-0.9498455598455596
-0.9498134448375681
-0.9497813504823149
-0.9497621343619417
-0.9497493573264779
-0.9497141021522643
-0.9496692357096981
-0.9496308186195828
-0.9495956354300383
-0.9495572666025024
-0.9495221295702373
-0.9494870150689324
-0.9494455128205128
-0.9494232617750721
-0.9493818065342731
-0.9493595901376886
-0.949308578745198
-0.9492704000000002
-0.9492514395393478
-0.9492037096258394
-0.949178388746803
-0.9491434963247045
-0.9491118210862619
-0.9490769722133503
-0.9490485312899106
-0.9490264921800184
-0.9489885130823228
-0.9489409888357256
-0.9488871173469383
-0.9488524067580493
-0.9488113448056089
-0.9487766804714879
-0.9487579617834397
-0.9487233365170327
-0.9486855506047098
-0.9486414253897552
-0.9486100508905854
-0.9485850556438793
-0.948560076287349
-0.9485192246584048
-0.9484720457433289
-0.9484407748491586
-0.9484031746031744
-0.9483592510314186
-0.9483217005076138
-0.9482936885505869
-0.9482561826252379
-0.9482503961965136
-0.9482224334600763
-0.9481944884383909
-0.9481443951868271
-0.9481069958847741
-0.9480727848101265
-0.9480702309395761
-0.9480487033523086
-0.9480113815997473
-0.9479709228824269
-0.9479462875197473
-0.9479153506001269
-0.9478907483422795
-0.9478440656565655
-0.9477974124329437
-0.9477760252365925
-0.947748344370861
-0.9477238335435056
-0.9476930349826663
-0.9476465028355385
-0.9476094488188971
-0.9475850125944588
-0.9475417060119607
-0.947492133417244
-0.9474488832966343
-0.9474182389937108
-0.9473876139578747
-0.9473475801382776
-0.9473107131636818
-0.9472801507537687
-0.9472433281004707
-0.9472128060263653
-0.9471760276121742
-0.9471235884567123
-0.9470837253057379
-0.9470376175548593
-0.9470166092134125
-0.9469956140350875
-0.9469715001565919
-0.946944270507201
-0.9468888888888888
-0.9468460575719653
-0.9468188927119178
-0.9467948717948715
-0.9467739918724599
-0.9467500000000004
-0.9467135270228052
-0.9466739537788885
-0.9466406493911964
-0.9466104868913855
-0.9466053042121685
-0.9465782907049279
-0.9465450576863109
-0.9465087281795513
-0.9464848862574006
-0.946454828660436
-0.9464247897851134
-0.9463916562889163
-0.9463523187052598
-0.94630678282514
-0.9462830482115081
-0.9462499999999998
-0.9462169723344732
-0.946168427594779
-0.9461323392357872
-0.946105590062112
-0.9460757528717791
-0.9460490378646804
-0.9460223394353087
-0.9459801488833748
-0.9459534883720928
-0.9459299442033478
-0.9459033157731642
-0.9458736059479557
-0.9458253329204089
-0.9457925696594424
-0.945759826679047
-0.9457209158415845
-0.9456913083823079
-0.9456493506493503
-0.9456074188562599
-0.9455871446229912
-0.9455576150756875
-0.9455250154416305
-0.9454769990737885
-0.9454475308641969
-0.9454273372415919
-0.945394818013572
-0.94536231884058
-0.9453483353884092
-0.9453158705701078
-0.9452711028958716
-0.945244841392054
-0.9452216748768474
-0.9451708217913202
-0.9451353846153846
-0.9451061211934787
-0.9450799507995079
-0.9450476483246238
-0.9450153657037491
-0.9449769585253456
-0.9449201474201472
-0.9448879336813013
-0.94487415592388
-0.9448481129180728
-0.94482208588957
-0.9447715424716343
-0.9447332924586143
-0.9447011952191237
-0.94467830882353
-0.9446554364471668
-0.9446264543784447
-0.9445944291398836
-0.944550183598531
-0.9445120832058734
-0.9444831804281345
-0.9444420666462854
-0.9444009779951099
-0.944347693247785
-0.9443127672571773
-0.9442900763358777
-0.9442460317460314
-0.9441989624656694
-0.9441488712629655
-0.9441110094541019
-0.9440762195121957
-0.9440384029259369
-0.9440006093845217
-0.943950654888821
-0.9439007308160778
-0.9438812785388128
-0.9438618381010344
-0.9438424094919378
-0.9437925790754254
-0.9437397385223464
-0.9437082066869296
-0.9436766940139774
-0.943645200486027
-0.9435924688733677
-0.943564055859138
-0.9435386949924126
-0.9434981796116506
-0.9434546557476494
-0.9434172225591264
-0.9433737496210969
-0.9433303030303035
-0.9432899121478338
-0.9432616596002424
-0.9432273690584317
-0.943190072639225
-0.9431588502269287
-0.9431276467029646
-0.9430934381614757
-0.9430532043530837
-0.9430250831066787
-0.9429697885196375
-0.9429235880398675
-0.9429015700483089
-0.9428795653486265
-0.9428545564272786
-0.942826546003016
-0.942801568154403
-0.9427464576424479
-0.9426943942133819
-0.9426514010244049
-0.9426265060240965
-0.9426136705811501
-0.9425767609873571
-0.9425127896479084
-0.9424608904933811
-0.9424300751879698
-0.9424022850270594
-0.942356477306883
-0.9423197115384617
-0.9422889756683687
-0.9422582582582586
-0.9422125487841493
-0.94218787515006
-0.942178217821782
-0.9421505698860224
-0.9420959520239878
-0.942053357314149
-0.9420287683548098
-0.9420041941282199
-0.9419646600778675
-0.9419371257485031
-0.9419155941334924
-0.9418850987432674
-0.9418486389470541
-0.9418122009569377
-0.9417907324364724
-0.9417662881052006
-0.9417269196295195
-0.9416935483870971
-0.9416542251418334
-0.9416119402985075
-0.9415726648761568
-0.9415304295942718
-0.9414822546972859
-0.941463923673226
-0.9414187779433679
-0.9413825983313461
-0.9413434614238904
-0.9413222156045258
-0.9412950282822269
-0.9412410714285716
-0.941187146682535
-0.9411629982153475
-0.941126969967291
-0.9410909631391202
-0.9410728083209503
-0.9410457516339871
-0.9409919809919809
-0.9409441805225655
-0.9409023449094689
-0.9408902077151337
-0.940860278849006
-0.9408451957295368
-0.9408093685146754
-0.9407498518079429
-0.9407111111111109
-0.9407020142180094
-0.9406840390879481
-0.9406423919478982
-0.9405978100029597
-0.9405621301775148
-0.9405412599822536
-0.9405085748078064
-0.9404611291752885
-0.9404314420803779
-0.9404047267355984
-0.9403750738334321
-0.9403336285798641
-0.940304014167651
-0.9402950722927114
-0.9402566371681416
-0.9402034797994692
-0.9401798349056607
-0.9401620984379606
-0.940132586918091
-0.9400824742268037
-0.940047114252062
-0.9400264939652635
-0.9399970570924069
-0.9399499852897911
-0.9398970588235297
-0.9398618053513669
-0.9398324514991181
-0.9398001763150162
-0.9397620446533488
-0.939732745961821
-0.9397005284791549
-0.9396624596419136
-0.9396332159624418
-0.9396069228512759
-0.93958357771261
-0.9395573145705073
-0.9394988276670572
-0.9394550249047755
-0.9394376098418276
-0.9393997071742319
-0.9393793911007026
-0.9393532338308455
-0.9393183148039793
-0.939295115530857
-0.9392602339181285
-0.9392224495761472
-0.9391934541203975
-0.939167397020158
-0.9391413551401868
-0.9391124087591245
-0.9390834792761241
-0.9390487306682226
-0.9390110851808635
-0.9389822105570137
-0.9389591836734695
-0.9389361702127659
-0.938898601398601
-0.9388697931838041
-0.9388351776354109
-0.9387947598253267
-0.9387660069848665
-0.9387227233052076
-0.9386969168121003
-0.9386711253271298
-0.9386308139534882
-0.9386021505376343
-0.9385647879140037
-0.9385187336625038
-0.9384872241579559
-0.9384470246734397
-0.938401044689495
-0.9383608935306065
-0.938332366589327
-0.9383096549724559
-0.9382782608695649
-0.9382526803824977
-0.9382271147161066
-0.9381812916304664
-0.9381412854661265
-0.9381070911722145
-0.9380671296296292
-0.9380416546138273
-0.9380104106419894
-0.9379762937265105
-0.9379248554913298
-0.937882114995666
-0.937845176198729
-0.9378342477620563
-0.9378290993071602
-0.937795093795094
-0.9377524523946914
-0.9377242572829538
-0.9377047289504035
-0.9376765638512539
-0.9376340057636887
-0.9376001152405645
-0.9375720046082949
-0.9375323927440254
-0.9375043177892917
-0.9374820143884895
-0.9374482163406215
-0.9374144377336785
-0.93737780333525
-0.9373469387755102
-0.93732183908046
-0.9373111174949726
-0.9372917863296955
-0.9372523686477178
-0.9372014925373133
-0.9371649928263989
-0.9371399885255306
-0.9371121307714368
-0.9370900229357803
-0.9370650616222415
-0.9370372492836678
-0.936989401317674
-0.9369530355097365
-0.9369224162610934
-0.9368946765884378
-0.9368726752503579
-0.9368449656750577
-0.9368172719473836
-0.9367838765008578
-0.9367562160617315
-0.9367314285714287
-0.9366838046272494
-0.9366247858366645
-0.9365972023979444
-0.936583904109589
-0.93655634807418
-0.9365202509982885
-0.9364898773880813
-0.9364424173318124
-0.9364035337703046
-0.9363874643874646
-0.936365707775563
-0.9363325740318907
-0.9362852263023054
-0.9362379055207739
-0.936216216216216
-0.936188850967008
-0.9361615012795
-0.9361398521887433
-0.9361096902529128
-0.9360625000000004
-0.9360181766543596
-0.9359823963657015
-0.935946636389441
-0.9359194097616351
-0.9358865248226949
-0.9358508224617128
-0.9357981287212931
-0.9357341269841275
-0.9357155001416831
-0.9357025495750709
-0.935672613990371
-0.9356313703284259
-0.9355873195584493
-0.9355461233729484
-0.9355275813295614
-0.9354977375565607
-0.9354650834040141
-0.9354267947993222
-0.935385702175756
-0.9353502824858763
-0.9353177068624684
-0.93527950310559
-0.9352413209144794
-0.9352003386004516
-0.9351763046544436
-0.9351410039481106
-0.9350972652946153
-0.9350591882750845
-0.9350352211890675
-0.9350028169014082
-0.9349732469726836
-0.9349268018018019
-0.9348691246833662
-0.9348339898705685
-0.9348129395218003
-0.9347862767154106
-0.9347736856901885
-0.9347301854974703
-0.9346810901938747
-0.934637640449438
-0.934622297107554
-0.9345901179112859
-0.9345607634016279
-0.9345145903479235
-0.9344852734922857
-0.9344699943914752
-0.9344463134286518
-0.9344086322869959
-0.9343737741664333
-0.9343501400560221
-0.934318118174181
-0.9342833146696524
-0.934265323257767
-0.9342193620593175
-0.9341790209790211
-0.9341666666666668
-0.934157114900755
-0.9341307993292344
-0.9340933221570268
-0.9340558659217877
-0.9340463557665456
-0.9340256839754327
-0.933988277979347
-0.9339481026785716
-0.9339302649930269
-0.9339012827663133
-0.9338583774742125
-0.9338266443701231
-0.9337893563666759
-0.9337604456824513
-0.9337120579225843
-0.933674832962138
-0.9336376287225157
-0.93361713967724
-0.9335799721835882
-0.9335372636262517
-0.9335168195718654
-0.9334797109505273
-0.9334342873020285
-0.9333999999999998
-0.9333740627603438
-0.9333592448639649
-0.9333277824035526
-0.9332769145394004
-0.9332482662968098
-0.9332307265668328
-0.9332048794011643
-0.9331707317073171
-0.9331393737877532
-0.9331080332409976
-0.9330684021046801
-0.9330454042081949
-0.9330224190423475
-0.9330049806308801
-0.9329820193637615
-0.9329341814159288
-0.9329057229748413
-0.9328938640132673
-0.9328709588284056
-0.9328425414364646
-0.9328196630764981
-0.9327857537272226
-0.9327518630968811
-0.9327097130242832
-0.9326896551724135
-0.9326668505239933
-0.9326495726495726
-0.9326130099228225
-0.9325709561862773
-0.9325454545454548
-0.9325227210134949
-0.9324972466960351
-0.9324662813102126
-0.9324298293891027
-0.932409903713893
-0.9323762376237628
-0.9323508386032444
-0.9323282023089609
-0.9322918384171481
-0.9322554945054948
-0.9322219170557531
-0.9321911037891271
-0.9321603074389242
-0.9321377607025245
-0.9321015089163237
-0.9320735052111903
-0.9320482588428846
-0.9320175438596494
-0.9319950671416823
-0.931964383561644
-0.9319309778142972
-0.9318948521358158
-0.9318696961401587
-0.9318527640941437
-0.9318057455540356
-0.9317696936542668
-0.931744599398414
-0.9317140513942046
-0.9316780541131456
-0.9316420765027325
-0.931614313029227
-0.9315865647187331
-0.9315451815451813
-0.9315092794759822
-0.9314761255115962
-0.9314511729405346
-0.9314071448050183
-0.931376772082879
-0.9313545925320252
-0.9313242506811992
-0.9312993734677196
-0.9312608932461872
-0.9312360468282059
-0.931197604790419
-0.9311700680272107
-0.9311371055495101
-0.9310851237421812
-0.9310576400217514
-0.9310356075020388
-0.9310163043478258
-0.9309942950285248
-0.9309424225964155
-0.9308987238664131
-0.9308659066232358
-0.9308331071913162
-0.9307948996201846
-0.9307729861676165
-0.9307402386117138
-0.9307020872865275
-0.9306747967479672
-0.9306610674613925
-0.9306338028169011
-0.930606552937991
-0.9305630752571736
-0.9305304465493908
-0.9304978354978356
-0.9304706518799025
-0.9304299621416985
-0.930405515004055
-0.9303810810810809
-0.9303566603620643
-0.9303214478660182
-0.9302943559276261
-0.9302672786177106
-0.9302456140350877
-0.9302104695089044
-0.9301726463447533
-0.9301510248112191
-0.9301105419250472
-0.9300808625336924
-0.930059283212072
-0.9300188577586206
-0.9299919202800967
-0.9299676898222942
-0.9299380888290715
-0.9299004305705061
-0.9298735539413507
-0.9298386229155462
-0.9298225329389624
-0.9297876344086023
-0.9297393173877989
-0.9296963997850622
-0.9296723072790762
-0.9296509129967778
-0.9296268456375839
-0.9295947396672036
-0.9295492353099007
-0.9295171673819739
-0.9295065701260394
-0.9294798927613945
-0.929447869203967
-0.9294239013933546
-0.9293838735601395
-0.9293465452597747
-0.9293199464524764
-0.9292853319057819
-0.9292560877709388
-0.9292241840556449
-0.9291922974057233
-0.9291604278074866
-0.9291339214113876
-0.9291154462854085
-0.9290836227624901
-0.9290438034188035
-0.9290146862483308
-0.928988254137747
-0.9289618361355749
-0.9289274279615795
-0.928903707655375
-0.928888
-0.928856304985337
-0.928805970149254
-0.9287743138822278
-0.9287506659563131
-0.9287270306258322
-0.92870607028754
-0.9286771360127762
-0.9286562001064396
-0.9286299547752063
-0.9285984042553188
-0.9285828237170967
-0.9285592769803287
-0.9285224554876429
-0.9284936238044628
-0.928454183266932
-0.928412108337759
-0.9283886381736133
-0.9283651804670912
-0.9283258158662777
-0.9282997347480105
-0.9282789710952005
-0.9282529162248144
-0.9282189239332094
-0.9281796502384738
-0.9281430463576159
-0.9281197033898301
-0.92809902038655
-0.928080995235574
-0.9280576872188411
-0.9280158730158727
-0.927976725733933
-0.9279508196721309
-0.9279302141157802
-0.9279043340380553
-0.9278626155878469
-0.9278288431061807
-0.9278082915236332
-0.927785110876452
-0.9277487463710739
-0.9277124010554089
-0.9276866262199945
-0.9276608649789034
-0.9276351173213817
-0.9276041117554031
-0.9275704874835311
-0.927536880927292
-0.9275032920726883
-0.9274749868351768
-0.927446696499079
-0.9274078947368427
-0.9273796369376478
-0.9273592845870597
-0.9273336839337365
-0.9273028391167195
-0.9272562417871222
-0.9272122963741463
-0.9271815077488839
-0.9271638655462184
-0.9271462326069835
-0.9271181102362205
-0.9270795066911575
-0.9270487932843652
-0.9270180959874114
-0.9270136339800733
-0.926982961992136
-0.9269470649895184
-0.9269007073618027
-0.9268596123624937
-0.9268342498036135
-0.9267984293193718
-0.9267730960481546
-0.926753008895866
-0.9267093905309969
-0.9266684100418408
-0.9266326797385618
-0.9265943544171457
-0.9265743402142675
-0.9265491118077326
-0.9265108383389918
-0.9264595300261093
-0.9264265204907338
-0.9264065762004179
-0.9263840333942086
-0.9263510693792384
-0.9263155149934813
-0.9262930135557871
-0.9262548866301795
-0.9262219906201145
-0.9261943214378746
-0.9261640625000003
-0.9261260088518617
-0.9260957834461214
-0.9260681759042414
-0.9260405827263269
-0.9259921976592979
-0.9259646385855433
-0.9259344944112294
-0.9258965696465694
-0.9258586645882046
-0.9258311688311687
-0.925811477538302
-0.9257788161993767
-0.9257435764339477
-0.9256875973015047
-0.9256705577172498
-0.9256613070539425
-0.9256339123671247
-0.9255935717988596
-0.9255636175174913
-0.9255336787564766
-0.9255218855218854
-0.9254816157431383
-0.9254361894900337
-0.9254089026915118
-0.9253945666235447
-0.9253466114847387
-0.9253167830359452
-0.9252817993795243
-0.925246833807185
-0.9252196382428941
-0.9251821234823047
-0.9251601239669422
-0.9251123160340821
-0.9250645327826537
-0.9250374193548384
-0.925020639834881
-0.9249935517152437
-0.9249484270242392
-0.9248981696313482
-0.9248582474226802
-0.9248338057201753
-0.9248145285935081
-0.9247617821272215
-0.9247348094747687
-0.9247027027027027
-0.9246706124549664
-0.9246539747877542
-0.9246296296296294
-0.9246052969915146
-0.9245706940874031
-0.9245309689025958
-0.9244938335046252
-0.9244567171846902
-0.9244350282485878
-0.9244107830551986
-0.924371149897331
-0.9243212727739284
-0.9242893791688048
-0.924265196204155
-0.9242358974358973
-0.9241989233529866
-0.9241517170681702
-0.9241096592364848
-0.9240983606557378
-0.9240793854033291
-0.924055299539171
-0.9240133094445864
-0.9239738996929376
-0.9239575338961372
-0.9239360613810745
-0.9239120429557656
-0.9238803680981594
-0.9238410426782524
-0.9238170669391925
-0.9237982120051081
-0.9237793667007154
-0.9237503191217766
-0.9237034201123024
-0.9236718550650675
-0.9236403061224494
-0.9236215251211423
-0.9236002039775625
-0.9235814427733879
-0.9235423037716611
-0.9235133757961783
-0.9234946510443196
-0.9234555640437992
-0.9234292260692465
-0.9234130822092134
-0.9233816793893126
-0.9233553803103531
-0.9233189216683626
-0.9232875667429442
-0.923261311642094
-0.9232376111817026
-0.9232012195121949
-0.9231724663449321
-0.9231462671406806
-0.9231048489464329
-0.9230710659898475
-0.9230525247399137
-0.9230263825469303
-0.9229901090540199
-0.9229487829614605
-0.9229277566539925
-0.9228966041561075
-0.9228730681530273
-0.922836879432624
-0.9228083059002279
-0.9227873417721517
-0.9227537332320932
-0.9227252024291493
-0.9226865671641792
-0.9226580677794639
-0.9226245259165612
-0.9226011122345804
-0.9225676017184732
-0.9225341081354224
-0.9225006314725932
-0.922469696969697
-0.9224488765463268
-0.9224179707218579
-0.9223769871309614
-0.9223486377396568
-0.9223253467843628
-0.9223020675743823
-0.9222762793042601
-0.9222505040322581
-0.9222146636432349
-0.9221738035264491
-0.9221505917904806
-0.922124874118832
-0.9221117543418076
-0.9220936084549569
-0.9220654088050313
-0.9220296780684106
-0.9220090520492836
-0.9219884364002009
-0.9219628047248056
-0.9219346733668342
-0.9219065561416732
-0.9218834756403821
-0.9218478533768519
-0.9218122489959838
-0.9217892095357592
-0.9217711991971902
-0.9217356408327068
-0.9217076228686056
-0.9216821258460764
-0.9216491228070174
-0.9216236532197446
-0.9215806613226449
-0.921542699724518
-0.9215147721582372
-0.9214918648310391
-0.9214539539539537
-0.9214360770577932
-0.9214132066033016
-0.9213953488372094
-0.9213600000000001
-0.9213346663334165
-0.9213093453273362
-0.9212890332250813
-0.9212812187812187
-0.921258426966292
-0.9212281577633549
-0.9211979036685801
-0.9211651696606787
-0.9211474183088049
-0.921129675810474
-0.921104462727499
-0.9210717846460621
-0.9210590580613005
-0.9210338814150476
-0.921011207970112
-0.920981075697211
-0.9209509584266867
-0.9209208561473372
-0.9209007215725302
-0.9208557213930345
-0.9208256652573986
-0.9207956240676282
-0.9207730549341288
-0.9207480119284298
-0.9207254658385092
-0.9206954793840041
-0.9206605413459147
-0.9206281032770604
-0.9206006453214198
-0.9205732009925559
-0.9205482510543282
-0.9205109126984123
-0.9204884701214975
-0.9204610808130892
-0.9204312267657992
-0.9204137760158573
-0.9203963339113205
-0.9203640416047544
-0.9203317652884376
-0.9203019801980201
-0.9202845830240038
-0.920282038594755
-0.9202671283700223
-0.9202250247279922
-0.9201854140914709
-0.9201680672268906
-0.9201457870027181
-0.9201309288537552
-0.920111138552729
-0.9200691358024691
-0.9200444334732164
-0.9200222112537021
-0.920002467308167
-0.9199753330044399
-0.9199457459926014
-0.9198964497041416
-0.9198668967217155
-0.9198496796451452
-0.9198349347129833
-0.9198054187192116
-0.9197685299187393
-0.9197218119153128
-0.9196898843219296
-0.9196751968503937
-0.9196457564575649
-0.9196040334481065
-0.9195770838455865
-0.9195476892822027
-0.9195133939542879
-0.9194963144963143
-0.9194718742323751
-0.9194499017681729
-0.9194156641296338
-0.9193716249386347
-0.9193423312883432
-0.9193277723258094
-0.9193034093696346
-0.9192790583619425
-0.9192449129688653
-0.9192156862745098
-0.9191840235236461
-0.9191621754042134
-0.9191452363458239
-0.9191234084231147
-0.9190893512851903
-0.9190651003426334
-0.9190237337900665
-0.9189921722113504
-0.9189655172413792
-0.9189388753056237
-0.9189098020043991
-0.9188782991202348
-0.9188345956511114
-0.9188080117244753
-0.9187887667887664
-0.9187646484375
-0.9187332194288502
-0.9186993655441684
-0.9186752866552815
-0.9186536585365854
-0.9186344793952691
-0.9186055582642614
-0.9185693395076774
-0.9185355750487332
-0.9185066991473811
-0.9184778373112521
-0.9184611638665691
-0.918437195715677
-0.9184035045023117
-0.9183698296836983
-0.9183507662369251
-0.9183219844357974
-0.918302941891563
-0.9182766164316968
-0.9182284325637907
-0.9181924198250728
-0.9181758562059755
-0.9181568722680915
-0.9181233309055595
-0.9180946601941752
-0.9180732831836934
-0.9180446385249883
-0.9180232840164924
-0.9179995150339476
-0.917975757575758
-0.9179568589432863
-0.9179258541313304
-0.9178948643410848
-0.9178832647130056
-0.9178668280871674
-0.9178310336480275
-0.9177976766698935
-0.91777401403339
-0.9177431059506534
-0.9177218863361546
-0.9176789168278532
-0.9176432197244381
-0.9176244562590625
-0.9176081179028749
-0.9175797101449273
-0.9175416566046849
-0.9175060357315309
-0.9174776731836833
-0.9174589768339767
-0.9174523522316045
-0.9174264351181866
-0.9173884735953702
-0.9173505303760853
-0.9173294769824056
-0.91730843373494
-0.9172994459166465
-0.91727119460501
-0.9172453647965325
-0.9172195474241696
-0.9171937424789413
-0.9171679499518767
-0.9171469809959102
-0.9171308321308318
-0.9171074777590765
-0.9170841346153848
-0.9170463830809904
-0.917011052378664
-0.9169877492193131
-0.9169644572526419
-0.9169483793517409
-0.9169275084013445
-0.9168946484281255
-0.9168474088291748
-0.9168313744303195
-0.9168153477218223
-0.9168065212179332
-0.9167953020134226
-0.9167553318955189
-0.9167129851461424
-0.9166898203592814
-0.9166714559386974
-0.9166483121857795
-0.9166227860220201
-0.9165924862407272
-0.9165598086124401
-0.9165486725663717
-0.9165255858440935
-0.9164929476452306
-0.9164818355640536
-0.9164611708482673
-0.9164166268514093
-0.9163935992357293
-0.9163705826170012
-0.9163499641919312
-0.9163341288782816
-0.9163063707945602
-0.9162881679389315
-0.9162652039112805
-0.9162398664759175
-0.9162073897497015
-0.9161868446139178
-0.9161734572313556
-0.9161505478799425
-0.9161324124791621
-0.9160952380952376
-0.9160676029516782
-0.9160447405997141
-0.916017130620985
-0.9159990485252142
-0.9159762187871578
-0.9159533999048979
-0.9159258378892325
-0.9159125475285176
-0.9159016393442618
-0.9158788598574824
-0.9158537164568985
-0.9158428300094964
-0.9158105862805604
-0.9157712387280498
-0.9157437722419927
-0.9157186907020872
-0.9157007351197537
-0.9156804172593647
-0.9156482578810144
-0.9156208530805688
-0.9156005685856434
-0.9155850307910943
-0.9155671323703529
-0.9155468749999999
-0.9155242603550298
-0.91549219119735
-0.9154577714691272
-0.9154304635761588
-0.9154008039725706
-0.9153806146572105
-0.9153627983928145
-0.9153449905482044
-0.915313016772974
-0.9152763344355221
-0.915253837072019
-0.9152384324834748
-0.9152230351663911
-0.9151958470976876
-0.9151639537626796
-0.9151485849056605
-0.9151167177552461
-0.9150848656294205
-0.9150742399245816
-0.9150471253534405
-0.915003533568905
-0.9149740932642484
-0.9149611490463855
-0.9149364406779661
-0.9148999764650507
-0.9148494117647058
-0.9148341566690189
-0.9148212605832546
-0.9148036679990595
-0.9147672778561352
-0.914737955346651
-0.9147297932330828
-0.9147051914493777
-0.9146641615782058
-0.9146254989434138
-0.9145892018779341
-0.9145763905186578
-0.9145518535898641
-0.914520290874971
-0.9145004690431519
-0.9144618991793668
-0.9144280356305672
-0.9144082493555199
-0.9143861293345826
-0.9143687046146641
-0.9143419203747075
-0.914317490049169
-0.914297752808989
-0.9142803650830794
-0.9142559663079084
-0.9142245614035087
-0.9142072029934518
-0.9141851765256019
-0.9141561477325856
-0.9141271325075949
-0.9141004672897195
-0.9140761504321421
-0.9140541802895841
-0.9140368900303525
-0.9140266106442577
-0.913992998833139
-0.913975734951003
-0.9139444833216704
-0.9139295708955223
-0.9139123338773607
-0.9138881118881121
-0.9138405965975299
-0.9138280521901214
-0.9138015373864431
-0.9137959944108057
-0.9137764842840511
-0.9137383612662943
-0.9137002559925531
-0.9136831084225219
-0.9136589904628982
-0.9136348837209302
-0.9136061381074169
-0.9135774058577398
-0.9135417150825009
-0.9135106877323422
-0.9134936120789783
-0.9134579656293548
-0.9134432319479916
-0.9134145775301765
-0.9133789742399625
-0.9133619489559159
-0.9133356529807467
-0.9133093692022263
-0.9132970090424299
-0.9132730644413535
-0.9132352259559675
-0.9131927710843377
-0.9131665508454948
-0.9131704492820752
-0.9131627691595279
-0.9131342592592594
-0.913108076834066
-0.9130842202683946
-0.9130673143650243
-0.9130504162812205
-0.9130312138728326
-0.9130212667591313
-0.9129905246128956
-0.9129528650646951
-0.912942942942943
-0.9129353348729794
-0.9129392749942278
-0.912910895660203
-0.9128802215555042
-0.912856483617905
-0.9128396770472894
-0.912818265682657
-0.9128106986396125
-0.9127939142461956
-0.912763309518322
-0.9127488479262673
-0.9127320893803272
-0.9127153385536618
-0.9126962928851025
-0.9126588397790052
-0.9126375143843504
-0.912625402669121
-0.912615596963423
-0.9125919963201475
-0.9125592090135664
-0.9125425287356326
-0.912530452769478
-0.9125160845588232
-0.9124948311509306
-0.9124689940284796
-0.9124500574052812
-0.9124334251606981
-0.9124190957080559
-0.9123955943093164
-0.9123721036935077
-0.9123555045871561
-0.9123412061453796
-0.9123177441540576
-0.9122988769195507
-0.9122868927589368
-0.9122611683848791
-0.9122354557947782
-0.9122143347836045
-0.912195512820513
-0.9121881437399852
-0.9121784897025172
-0.9121574010523907
-0.9121408966148215
-0.9121221129659274
-0.9121033379058069
-0.9120845714285715
-0.912077239488117
-0.9120630568882794
-0.9120465966194605
-0.9120255766156659
-0.9120045662100457
-0.9119767176443732
-0.911948881789137
-0.9119233401779604
-0.9119160583941606
-0.9119019384264538
-0.9118764249885999
-0.9118486437200821
-0.9118277119416596
-0.911822738664844
-0.911794988610478
-0.9117649738100658
-0.9117372495446268
-0.9117209196448894
-0.9117000455166138
-0.9116837315130836
-0.9116628753412194
-0.9116465772117351
-0.9116234652114598
-0.9116026369629461
-0.9115886363636365
-0.9115746421267893
-0.9115470240799636
-0.9115262321144678
-0.9115077202543145
-0.9114801362088535
-0.9114434861552426
-0.9114136600862268
-0.9113951905626133
-0.9113880698571103
-0.9113469387755108
-0.9113171616413515
-0.9113032638259294
-0.9112916383412643
-0.9112709560489354
-0.9112548131370329
-0.911229619565217
-0.9112021734208747
-0.9111770031688544
-0.9111563702195066
-0.9111334841628955
-0.9111128703913144
-0.9110900045228404
-0.9110671489938957
-0.9110465641952988
-0.9110214689265536
-0.9110054225033889
-0.9109871244635194
-0.9109710930442639
-0.9109505531722734
-0.910914221218962
-0.910900473933649
-0.9108912454873648
-0.9108797653958943
-0.910845737483085
-0.91080496054115
-0.9107889990982865
-0.9107730448501239
-0.910752591257323
-0.9107186303221445
-0.9107027027027024
-0.9106867822562488
-0.9106641152633952
-0.9106189511591266
-0.9105918091809181
-0.9105759280089984
-0.9105600539811065
-0.9105306948504611
-0.9104811151079137
-0.9104607777028546
-0.9104449438202249
-0.9104313637384852
-0.9104110512129375
-0.9103772737480351
-0.9103592276605298
-0.9103344556677888
-0.9103052064631957
-0.9102827013686333
-0.9102714221624042
-0.9102511773940344
-0.9102242152466367
-0.9102084734364487
-0.910183774092335
-0.9101546045261034
-0.9101321684587813
-0.9101052631578949
-0.9100850873264668
-0.9100626818894112
-0.9100425246195165
-0.9100067129111657
-0.9099821029082775
-0.9099709237307094
-0.9099575134168156
-0.9099351665548846
-0.9099217702279845
-0.909901675977654
-0.9098793565683644
-0.909845878936788
-0.909825815096025
-0.9098079928555483
-0.9097834821428569
-0.9097567507252845
-0.9097322623828649
-0.9097100156145435
-0.9096855486173061
-0.9096544035674465
-0.9096344181899245
-0.9096255850234012
-0.9096122994652405
-0.9095901091557137
-0.9095590200445436
-0.9095413048318867
-0.9095169189670529
-0.9094903182728692
-0.9094659546061418
-0.9094416017797556
-0.9094283807829181
-0.9093951523237714
-0.9093641618497105
-0.9093465214492109
-0.9093355555555555
-0.9093223728060429
-0.9092869835628608
-0.9092582722629358
-0.9092295737122562
-0.9092097669256379
-0.9091833111407014
-0.9091679609496339
-0.9091592724046145
-0.9091372809935683
-0.9091108647450112
-0.9090778097982709
-0.9090580673758866
-0.9090427653445601
-0.9090208241027914
-0.9089988925802878
-0.908968113374668
-0.9089439893734785
-0.9089287295263392
-0.9089046249170174
-0.908867256637168
-0.9088431762884319
-0.9088301636444046
-0.9088016803006854
-0.908766578249337
-0.9087425414364642
-0.9087273530711454
-0.9087077534791252
-0.9086815371024737
-0.9086597482888058
-0.9086247240618102
-0.9085897152946368
-0.9085569285083843
-0.9085285682770791
-0.9085068372298192
-0.908489525909592
-0.9084766313932978
-0.9084527220630372
-0.908420008814455
-0.9084005287508262
-0.9083810572687233
-0.90836379652059
-0.9083443416996917
-0.9083028835571207
-0.908268045774648
-0.9082552255225522
-0.9082380114386273
-0.9082186056740713
-0.9081882145998241
-0.90816443174324
-0.9081516483516481
-0.9081300813008132
-0.9080997363796134
-0.9080737974961566
-0.9080434782608697
-0.908002195389682
-0.9079543459174714
-0.9079218784287909
-0.9079069767441856
-0.9078855012064053
-0.9078684210526322
-0.9078403858802894
-0.9078035949145117
-0.9077733946964716
-0.9077541630148993
-0.9077371303395398
-0.9077157249233463
-0.9076790015327346
-0.9076663747810858
-0.9076384329174872
-0.9076126914660834
-0.9075957120980092
-0.9075634295713038
-0.9075420949048766
-0.9075207695671186
-0.9075038251366122
-0.9074803321678325
-0.9074677736508627
-0.9074377457404976
-0.9074120987115092
-0.9073951965065503
-0.9073761187513648
-0.9073548668703623
-0.907333624263583
-0.9072971204188479
-0.9072649945474371
-0.9072416048844305
-0.907226945716154
-0.9072079337401923
-0.9071911091741118
-0.9071546840958606
-0.9071269875844048
-0.9071210801393726
-0.9071108208142826
-0.9070875054418803
-0.9070642002176281
-0.9070322019147088
-0.9069936915379593
-0.9069638973466725
-0.9069406392694062
-0.9069282608695651
-0.9069071940882418
-0.9068709256844849
-0.9068346730393217
-0.906817984361425
-0.9068121606948967
-0.9067933130699091
-0.9067701324072064
-0.9067382812500007
-0.9067151225862443
-0.9066832971800435
-0.9066623292127521
-0.906652211621856
-0.9066355950574464
-0.906614651061985
-0.9065807150595885
-0.9065576256499132
-0.9065388780593459
-0.9065201385881335
-0.9065035722017751
-0.9064761904761903
-0.9064574767366369
-0.906436607529208
-0.906402768764871
-0.9063732698961939
-0.9063481081081083
-0.9063294422827495
-0.906323751891074
-0.9063007778738118
-0.9062691726074747
-0.9062397408207348
-0.906212481105593
-0.9061960276338518
-0.9061795812648396
-0.9061501942166597
-0.9061186623516719
-0.906100086281277
-0.9060858313564808
-0.9060694264769302
-0.9060422504850183
-0.9060172413793107
-0.9059879336349914
-0.9059672554933218
-0.9059487400387678
-0.9059280792420324
-0.9059031216361676
-0.9058781747739988
-0.9058381751667742
-0.9058132530120478
-0.905801247580125
-0.9057849462365591
-0.9057643517523115
-0.9057351676698192
-0.9057059961315278
-0.9056875805758489
-0.9056670247046189
-0.9056357388316155
-0.9056152029203348
-0.9055817947617
-0.905552693711097
-0.9055236051502149
-0.9055074018450978
-0.9054890604890605
-0.9054750160840658
-0.9054481132075469
-0.9054126473740625
-0.9053857693956282
-0.9053610456395973
-0.9053363324764354
-0.9053116298993362
-0.9052890792291213
-0.905264397345322
-0.9052461472602737
-0.9052257650331694
-0.9052075310226786
-0.905187165775401
-0.905166809238666
-0.905133632670515
-0.9051047456177855
-0.9050886941654201
-0.9050534188034192
-0.9050288399914558
-0.905017086715079
-0.904994661541747
-0.9049765157984626
-0.9049519743863391
-0.9049167733674776
-0.9048986558566251
-0.9048826791808874
-0.9048752399232244
-0.9048550106609804
-0.9048433169899812
-0.9048167092924131
-0.9048007670999357
-0.9047805709416272
-0.9047625133120347
-0.9047487223168658
-0.9047306791569086
-0.9047020008514259
-0.9046754628644393
-0.9046617021276592
-0.9046543288661982
-0.9046341982135259
-0.904622581331065
-0.9045854591836735
-0.9045547290116899
-0.9045452613684661
-0.9045400467388994
-0.9045157179269329
-0.904491399447866
-0.9044670912951169
-0.9044343026958177
-0.9044206281833617
-0.9043984723106303
-0.9043720831565548
-0.904352067868505
-0.9043235793044953
-0.904303582785669
-0.9042941924544298
-0.9042848061029879
-0.9042627118644065
-0.9042448633764029
-0.9042227869546804
-0.9042091890747406
-0.9041850127011004
-0.9041671957671957
-0.9041430385103678
-0.9041210069811716
-0.9041074450084602
-0.9040727426517233
-0.9040591966173362
-0.9040393151553583
-0.9040278951817414
-0.9040101415592648
-0.9039797211660329
-0.9039450897571283
-0.9039210304054056
-0.9038969812117378
-0.9038813845504434
-0.9038615741717667
-0.9038396624472572
-0.9038008858890525
-0.9037726697595952
-0.9037550073792956
-0.9037415682967962
-0.9037260273972606
-0.9036852085967133
-0.9036591531493573
-0.9036499578770006
-0.9036344493577596
-0.9036042105263153
-0.903584508524521
-0.9035563973063973
-0.9035261939827482
-0.9035149347917542
-0.9034910620399578
-0.9034714045416312
-0.9034559596384275
-0.9034405212274064
-0.90341878545913
-0.9034012605042016
-0.903385843310229
-0.9033599328013437
-0.9033361326894815
-0.903310243492863
-0.9032906610703045
-0.9032647922786405
-0.9032431298510595
-0.9032256711409397
-0.9031977353742927
-0.9031614255765202
-0.9031502829595474
-0.9031328583403182
-0.9031154410224183
-0.9030959363217427
-0.9030680628272251
-0.9030590452261309
-0.9030374712162444
-0.9030159062369196
-0.9029817953546767
-0.9029518828451886
-0.9029324409119427
-0.9029213718109576
-0.902920761028643
-0.9029034280936453
-0.9028777429467085
-0.902841621395738
-0.9028055149362859
-0.9027944862155389
-0.902795990812278
-0.9027787056367429
-0.9027489041953659
-0.902727462437396
-0.902712288754434
-0.9026908635794741
-0.9026694473409803
-0.9026605504587155
-0.902639149468418
-0.9026240100041683
-0.9026005417795371
-0.9025604166666669
-0.9025348885648822
-0.9025197834235734
-0.9024984384759529
-0.9024625312239799
-0.9024432882414152
-0.9024136496046604
-0.9023923444976073
-0.9023648086522462
-0.902328966521106
-0.9023056133056134
-0.9022885055082108
-0.9022714048212801
-0.9022584666528154
-0.9022476111341917
-0.9022159916926271
-0.9021947674418601
-0.9021818559269255
-0.9021606475716062
-0.9021456733762194
-0.902122406639004
-0.902107446587845
-0.902082123600166
-0.9020609579100142
-0.9020501658374789
-0.9020269430051815
-0.9020120182345626
-0.9019888129272843
-0.9019656172328087
-0.9019486436115136
-0.9019316770186329
-0.9018981577313181
-0.9018791390728472
-0.9018663356093525
-0.9018431940422011
-0.9018241985522236
-0.9018052109181137
-0.9017841637378539
-0.9017651922281935
-0.9017441620169457
-0.9017148760330578
-0.9016959305928528
-0.9016790582403962
-0.9016642576915136
-0.9016412056151941
-0.9016264189886486
-0.9016075113495668
-0.9016009903032804
-0.9015924092409243
-0.9015735203134672
-0.9015484536082475
-0.9015419501133785
-0.9015333882934875
-0.9015248300020607
-0.9015059744540583
-0.901485066941298
-0.9014579901153212
-0.9014391599752934
-0.9014306298888434
-0.9014200452768057
-0.9014012345679018
-0.9013865459781941
-0.9013595228301109
-0.9013427925149087
-0.9013404605263156
-0.9013340184994862
-0.9013152486642002
-0.9012718306965275
-0.9012469186524241
-0.9012384473197784
-0.9012299794661193
-0.9012256210223771
-0.9012068965517244
-0.9011820233942132
-0.9011551087402543
-0.9011425641025642
-0.9011218211648891
-0.9011031371744928
-0.9010783107831081
-0.9010678417708549
-0.9010491803278685
-0.9010202827289493
-0.9010077836952071
-0.9009870980954331
-0.9009664209664211
-0.9009437052200613
-0.9009230454359394
-0.900904440351954
-0.9008837970540097
-0.9008733892411537
-0.9008527607361967
-0.9008362298098547
-0.9008094848732623
-0.9007807071326384
-0.9007560277891293
-0.9007497446373856
-0.9007352941176463
-0.9007024709005519
-0.9006859942833811
-0.900671565625638
-0.9006612244897956
-0.900636604774536
-0.9006160750713995
-0.9005935141749951
-0.9005648450244692
-0.9005606523955145
-0.900548308194048
-0.9005237415936419
-0.9004971475142621
-0.9004685271949482
-0.9004582484725051
-0.9004418652005701
-0.9004254885993491
-0.9003928353348262
-0.9003724053724053
-0.9003621566632757
-0.9003478437754271
-0.9003274354281063
-0.9002989019926794
-0.9002927424273228
-0.9002764227642279
-0.9002580776264985
-0.9002336448598125
-0.900211253300833
-0.900194963444354
-0.9001786802030456
-0.9001603735282176
-0.9001380150192815
-0.9001176948051949
-0.9000953540271865
-0.9000730223123727
-0.9000506996552423
-0.9000364963503649
-0.9000121629839855
-0.8999999999999999
-0.8999837892603852
-0.8999594813614261
-0.8999351833097019
-0.8999169704333739
-0.8999028143348853
-0.899884615384616
-0.8998664238008505
-0.899854309995953
-0.8998422010924542
-0.899828074433657
-0.8998099089989886
-0.8997897290739998
-0.8997736001617127
-0.8997554567502019
-0.8997373206708429
-0.899705050505051
-0.8996828923449809
-0.8996607431340871
-0.8996486977589337
-0.8996326201049656
-0.8996104944500506
-0.8995903954802258
-0.8995622352229168
-0.8995482049213392
-0.8995140149223633
-0.8995040322580646
-0.8994920378955854
-0.8994740024183794
-0.8994499294781386
-0.8994319097502016
-0.8994078549848947
-0.8993858236004832
-0.8993758808133677
-0.8993558776167473
-0.8993298450392426
-0.8993098591549292
-0.8992878696439347
-0.8992679002413514
-0.8992559823044438
-0.8992360273421793
-0.899220100502513
-0.8992001607717044
-0.8991842475386782
-0.899168340699076
-0.8991544486844751
-0.8991465863453816
-0.8991407347922105
-0.899112806101967
-0.8990909090909088
-0.8990770465489563
-0.8990631895687059
-0.8990473325310872
-0.8990314818528171
-0.8990256615878112
-0.899005812788134
-0.8989779559118237
-0.898956121017832
-0.8989403044871793
-0.8989305027037854
-0.8989267120544652
-0.8989029029029028
-0.898869095276221
-0.8988573143886335
-0.8988475390156061
-0.8988397679535907
-0.8988220000000002
